error,base
-0.031097019400000002,-0.032000076
-0.01025611903,-0.011049749
-0.0233708694,-0.02173907
-0.017893331,-0.013774023
0.0180403355,0.019553002
0.0207950398,0.019444374
0.0231665184,0.02793291
0.006990742999999999,0.008219197
0.0056779892000000005,0.0108992085
-0.0061897174,-0.0027173976
-0.0151694873,-0.010869591
-0.0483045073,-0.0458221
-0.0507580125,-0.049046326
-0.0288871571,-0.02747248
0.061794087299999995,0.067796655
0.0737230545,0.07736396
0.0557208256,0.05649719
-0.035034066,-0.029100597
-0.0222998697,-0.018617064
-0.024009131899999998,-0.021390423
0.0111478797,0.013624011
0.00066584523,0.0
0.0232859545,0.02732247
0.0322437706,0.034946207
0.0475299983,0.051490523
0.0180685506,0.021276535
0.0024715836999999997,0.0051948177
-0.0063875339,-0.0025773256
0.012667161599999999,0.01822921
-0.0029172362,0.0
0.0230948967,0.025839854
0.013785392399999999,0.017902749
0.031009799,0.033591703
0.0022784711,0.0050376905
-0.021802956000000002,-0.017587878
-0.0022726804,0.0
0.009033412999999999,0.012531358
0.0282096168,0.030690502
0.01738953051,0.017500041
-0.0085335169,-0.0024752533
-0.0049023556,-0.0024813954
0.0125325272,0.014742049
0.0416877784,0.044665016
0.035359146200000004,0.037313417
-0.00990650777,-0.009685253
-0.0347707096,-0.033254135
-0.0354207944,-0.031175034
-0.0265391255,-0.024449935
-0.0092529785,-0.0073710247
-0.026989691,-0.02475243
-0.011913528999999999,-0.0100249825
-0.0226967088,-0.019801924
0.0045922021,0.0076142307
0.0065966595,0.0075948494
0.00040358730000000006,0.0025252583
-0.0691833308,-0.06801013
-0.13359509060000002,-0.13316578
-0.1951331774,-0.19143578
-0.1946024517,-0.1918919
-0.06055759199999999,-0.07536232
0.043437591,0.037383135
0.111091563,0.09698999
-0.009469723,-0.018808756
-0.106806767,-0.08708704
-0.059226052,-0.045731686
-0.007735856,0.0
0.0053761513,0.0032894132
-0.091837748,-0.09265178
-0.0778233543,-0.07348247
-0.027825582600000003,-0.022950806
0.03496573123,0.035211276
0.0163333966,0.013793136
-0.021239519,-0.013422781
0.021645931599999998,0.027210876
0.037734563900000004,0.04081628
0.061987674099999994,0.06462586
0.0236611944,0.026490059
-0.0008255217000000007,0.006535963
-0.011860265,-0.009584687
0.011761267399999999,0.016129004
0.033059723,0.038961064
0.0299932089,0.032258075
-0.005040898,0.0
-0.00507202,0.0
-0.013913056,-0.009375022
0.0003418016999999999,0.0031746107
-0.006865944339999999,-0.0062500145
-0.016527970569999998,-0.015772842
0.017085345,0.022151886
0.0817764406,0.08490566
0.08871625270000001,0.0897436
0.0735701713,0.0764087
-0.0184229745,-0.01066667
0.066830221,0.07247055
0.0653399882,0.067073174
0.108836639,0.111801244
0.034991124209999995,0.034883723
0.0234878518,0.028571429
0.006565395999999999,0.011173184
-0.002509819,0.0
-0.024104922799999998,-0.022222223
-0.01621280545,-0.016574586
-0.058274383,-0.058988765
-0.026507382,-0.022727273
-0.033938571,-0.030898876
0.027728285,0.032835823
0.00901593255,0.008720931
-0.0015690149000000004,0.0057971017
-0.012245406,-0.00867052
-0.005003043299999999,-0.0028818443
-0.00879208,-0.0057636886
0.0055763058,0.008746356
0.014167938799999998,0.01734104
0.021990681300000002,0.026086956
-0.0141920572,-0.011560693
-0.013750129699999999,-0.011363637
-0.006367818799999999,-0.0028248588
0.0622605377,0.06725146
0.06680143720000001,0.06896552
0.0425947803,0.048158642
0.0202229796,0.021917809
-0.0148374725,-0.010752688
-0.029094802200000002,-0.024324324
0.0004267687999999995,0.0053619305
-0.0041087777,0.0
0.0491007655,0.05263158
0.0797638764,0.082666665
0.1112477822,0.11684783
0.0565580194,0.057894737
0.0052584526,0.009852217
-0.016358883499999997,-0.0121654505
0.0257486263,0.029850746
0.0615302217,0.06341463
0.1411054227,0.14778325
0.042901173,0.048309177
0.0068196036,0.01146789
-0.072340099,-0.066523604
-0.047538727,-0.039170507
-0.0159048365,-0.02494331
-0.028250657999999998,-0.022988506
0.0295416925,0.033573143
0.0241744423,0.025581395
0.065956403,0.07294118
0.0810888649,0.083526686
0.0427039427,0.04988662
0.055759804600000004,0.06140351
0.03884969,0.042826552
0.0012967537000000001,0.0064794817
-0.034319938,-0.02892562
0.0260872196,0.030800821
0.06827422359999999,0.072961375
0.0356063156,0.036170214
-0.10020425220000001,-0.09561753
-0.15239624499999999,-0.148
-0.06451451920000001,-0.06570842
0.015166635300000002,0.017621145
0.091255168,0.08685446
0.0268030816,0.024175825
0.066606092,0.077922076
0.0938048897,0.09719223
0.085399196,0.09012876
-0.0388845096,-0.036144577
-0.0504423055,-0.04527559
-0.0779681815,-0.07283465
0.0017079033,0.0
0.017270844,0.012371134
0.063569426,0.067940556
0.013995943799999999,0.016666668
-0.0409945294,-0.036659878
-0.044836478,-0.03976143
-0.0026997510000000002,0.0040983604
0.047982852,0.048625793
0.00265807285,0.0020703934
0.0390569688,0.040816326
0.0191565241,0.02016129
0.0403556135,0.0392562
-0.0454324309,-0.043137256
-0.0857886546,-0.07905138
-0.0795435425,-0.07554672
-0.0804874432,-0.079918034
-0.0786530179,-0.07725322
-0.01141591825,-0.010752688
-0.021277364400000002,-0.017817372
0.0033396989,0.0023255814
-0.09573845728399999,-0.09565217
-0.040130742,-0.029478459
0.044160095620000006,0.04408353
0.0824094193,0.086538464
0.0707706823,0.07476635
0.0886828967,0.093333334
0.08446245200000001,0.088495575
-0.00474362084,-0.004347826
-0.1121785422,-0.1097561
-0.0904636674,-0.085365854
-0.0449875668,-0.04585153
0.011160878,0.0
-0.09853543000000001,-0.093333334
-0.046836287,-0.04118993
-0.0360665325,-0.034246575
0.039953561699999994,0.041666668
-0.016720192398,-0.016706444
-0.094365874,-0.08747045
-0.0334767644,-0.028235294
-0.023364604999999997,-0.02184466
0.051239576939999996,0.051813472
-0.042981846799999994,-0.046004843
-0.032826641,-0.024813896
-0.0088060062,-0.0073891627
0.044784036400000005,0.04568528
0.0217582453,0.017811704
0.015111516719999999,0.014888338
0.0316673875,0.03640777
0.042068129,0.05
0.0286479905,0.03178484
-0.0153438476,-0.011709602
-0.0058579855,0.0
-0.0218964527,-0.018957347
-0.049742554815,-0.049763035
-0.0138737602,-0.011904762
-0.0230131312,-0.02173913
0.027691068399999998,0.029925186
-0.0260168639,-0.026506023
-0.019253446,-0.012345679
-0.0234718876,-0.021791767
0.028115796699999997,0.02970297
0.0253849157,0.0275
-0.013719989,-0.00990099
-0.0531708035,-0.048076924
-0.060217582500000005,-0.05596107
-0.03019583112,-0.03
-0.08882429513000001,-0.08838384
-0.1005201245528,-0.10051546
-0.0760271548,-0.074742265
-0.009764101,-0.008310249
0.0327533783,0.025787966
-0.0028996703,0.0
0.021745312,0.030726258
0.007398815899999999,0.008379889
0.0113654967,0.013927577
-0.039172496,-0.035230353
-0.0376456936,-0.030470913
-0.04540794,-0.043956045
-0.0451633203,-0.042134833
-0.04232184225,-0.042857144
-0.0070660504,-0.0057471264
-0.0075635683,-0.0029325513
0.0202639026,0.023880597
-0.019447144299999997,-0.01734104
-0.05912231248,-0.05882353
-0.03662367800000001,-0.03206997
-0.02269767,-0.014705882
0.041780702399999994,0.04375
-0.007359543099999999,-0.006024096
-0.043835795,-0.035820894
-0.032865703600000004,-0.026946107
-0.0308529098,-0.027272727
-0.0404978843,-0.0371517
0.019188672099999998,0.02153846
-0.0011045745999999999,0.0031152647
-0.0020909838,0.0
-0.06001512376,-0.060240965
-0.014601828,-0.00931677
0.0302619527,0.028938906
0.041438034400000004,0.03846154
0.0123255595,0.015673982
0.016371324399999998,0.01875
0.0018604481999999999,0.0061728396
-0.023697095,-0.018518519
-0.0647629554,-0.061349694
-0.054503886499999994,-0.049079753
-0.0379114763,-0.034591194
0.0573742452,0.055555556
0.023249710599999997,0.019354839
0.0296368048,0.03257329
-0.009512757560000001,-0.009287925
-0.020408245,-0.012658228
-0.034854186,-0.03154574
-0.044667013,-0.040625
-0.049499365999999996,-0.041666668
-0.092324288,-0.08794788
-0.0874628216,-0.084690556
-0.062978407,-0.06020067
-0.0197610687,-0.017857144
-0.035874629,-0.035587188
-0.1005599926,-0.099644125
-0.084444139,-0.083636366
-0.01469213041,-0.014760148
0.0652384954,0.06324111
0.0893747255,0.07539683
0.0196734077,0.026217228
-0.011737727,0.0
-0.008242914740000001,-0.007380074
-0.0090283069,-0.00729927
-0.0089766437,-0.007434944
-0.0506253065,-0.048327137
-0.0102430105,-0.007352941
0.0337114783058,0.033707865
0.060666353,0.05859375
0.077464698,0.07037037
0.020774587,0.028985508
0.04122930599999999,0.051660515
-0.0114977255,-0.010380623
0.0144623216,0.013559265
-0.00610289303,-0.006896523
-0.0182984334,-0.016666634
-0.034219631,-0.030100323
0.0054317485,0.006944415
0.011520152799999999,0.010169487
0.029716381400000002,0.034482773
0.026357796,0.02758625
-0.0052212193,0.0
-0.0234723118,-0.019999992
0.0124785947,0.016778491
0.0210075407,0.023489948
0.0220978545,0.023809541
0.0051860309,0.006600708
0.007112130299999999,0.013114698
0.0063258675,0.009966773
-0.0007763644,0.0
-0.05771340900000001,-0.05177994
-0.0398670537,-0.036184248
-0.0485203789,-0.04590167
-0.0195409453,-0.017064814
-0.00616006477,-0.00682591
-0.0006000646999999998,0.0034364508
0.0216031366,0.024305573
0.0475858473,0.051546372
0.0447371756,0.04794516
0.024395372,0.027118606
-0.0005422106999999998,0.0032679976
0.0009739468999999997,0.0065359953
0.0102841038,0.01320134
0.0363429757,0.039087933
0.054324178400000006,0.058441535
0.052792715999999996,0.05537462
0.0160495506,0.01880877
-0.028754992,-0.024539914
0.0069865756,0.009259256
0.0026559459999999997,0.006153891
0.0289656688,0.031446554
0.02129616251,0.021406673
0.006174100400000001,0.012232364
-0.0237624382,-0.021341478
-0.0261615868,-0.023952065
0.021191984400000002,0.024169222
0.0323136762,0.034267947
0.027386097230000003,0.027607352
-0.019215682600000002,-0.017699108
-0.0072578304,-0.00301207
-0.0140295065,-0.011940316
-0.0078880033,-0.0060060495
-0.005258362,-0.003021101
-0.0109519865,-0.00906344
-0.0300851068,-0.027190322
-0.045446301599999996,-0.042424273
-0.0345347399,-0.03353655
-0.011438438,-0.009316767
-0.0612997848,-0.060126584
-0.1076848106,-0.1072555
-0.1761111474,-0.17241375
-0.1744277317,-0.17171718
-0.05586667199999999,-0.0706714
0.06666043299999999,0.060605977
0.188898373,0.1747968
0.073977763,0.06463873
-0.0232911,-0.003571373
-0.037715835,-0.024221469
0.010121334,0.01785719
0.027176361099999997,0.025089623
-0.0062782176,-0.0070922496
0.030746845699999997,0.03508773
0.040579695400000004,0.045454472
0.06404022523000001,0.06428577
-0.0076292263999999995,-0.010169487
0.005561208999999999,0.013377947
0.0279921126,0.033557057
0.0448634439,0.04794516
0.0534674541,0.05610564
0.0393788604,0.042207725
0.051462095299999996,0.05882358
0.016474415,0.018749993
0.0174391334,0.02180687
0.006444286,0.012345627
-0.0022648661,0.0
0.00410544,0.009146338
-0.014218358,-0.009146338
0.020001811,0.024539845
0.018315243000000002,0.021148052
0.030153312159999997,0.030769242
0.0022389051299999997,0.0029940337
0.024519269,0.02958581
0.0565722936,0.059701513
0.0765846027,0.07761195
0.0345178013,0.03735633
0.0119620185,0.019718323
0.002669917,0.008310246
0.0204274482,0.022160634
0.031289504999999995,0.03425411
0.01903596621,0.018928565
3.839329999999995e-05,0.0051219705
-0.026482788,-0.021875
-0.005664393199999999,-0.0031545742
-0.0176555698,-0.01577287
0.013141333049999999,0.0127795525
-0.002450175,-0.003164557
0.018655789,0.022435898
0.015887751000000002,0.018927446
0.029813098999999996,0.034920637
0.01910377855,0.018808777
0.0019218084000000007,0.009287925
-0.015844824,-0.012269938
0.019417260999999998,0.02153846
0.0215114856,0.024539877
0.0434137998,0.04658385
0.0118871398,0.015060241
0.0078797733,0.011976048
-0.0145008002,-0.011869436
-0.0142559287,-0.011869436
-0.00354296,0.0
0.022036105700000003,0.027027028
0.0338719542,0.036036037
0.012187618300000001,0.01775148
0.0187730066,0.020467836
0.007509418500000001,0.011594203
-0.013491409199999999,-0.008720931
0.038044782299999996,0.042979944
0.05892847230000001,0.06303725
0.1108386895,0.114369504
0.0850093014,0.08791209
0.0429174722,0.04851752
-0.006599875600000001,-0.005263158
-0.019745280400000002,-0.015151516
-0.0119055155,-0.0077120825
0.038225920299999994,0.04232804
0.0186284127,0.020512821
0.07881440270000001,0.08549223
-0.015560287999999999,-0.010152284
-0.034799040399999995,-0.030150754
-0.060709095,-0.0548926
0.0018881909999999991,0.010256411
0.045307903499999996,0.03626943
0.009889364000000001,0.015151516
0.0188111895,0.02284264
0.0285930473,0.03
0.05769184300000001,0.06467662
0.0695224789,0.0719603
0.0389338277,0.046116505
0.0037020885999999994,0.009345794
0.009912027,0.013888889
-0.021424027000000002,-0.016241299
-0.026227651999999997,-0.020833334
-0.0115629164,-0.006849315
0.0188977546,0.023584906
-0.0076560968000000005,-0.0070921984
-0.0781499422,-0.07356322
-0.061999932,-0.057603687
0.0154796148,0.014285714
0.1265777403,0.12903225
0.124205113,0.119804405
0.07304979660000001,0.07042254
0.043629071,0.054945055
0.029363749699999997,0.03275109
-0.026659389,-0.021929825
-0.0631565976,-0.060416665
-0.0115092105,-0.006342495
0.032983061499999994,0.038116593
0.0438365073,0.042128604
0.028303966,0.023404256
0.04098524,0.04535637
0.0015845947999999998,0.004255319
-0.0479936944,-0.043659043
-0.058794054,-0.053719006
-0.0322218394,-0.025423728
-0.018034245,-0.017391304
0.00277108555,0.0021834061
0.0156319468,0.017391304
0.0255439061,0.026548672
-0.007615183499999999,-0.008714597
-0.0685344949,-0.06623932
-0.1144958946,-0.10775862
-0.0875133085,-0.083516486
-0.0806609452,-0.080091536
-0.0328007649,-0.031400967
0.01852142275,0.019184653
0.0214156296,0.024875622
0.0309393035,0.029925186
-0.033027464284000004,-0.032941177
-0.005797914,0.004854369
0.03397487062,0.033898305
-0.0065621347,-0.00243309
0.0104970863,0.014492754
0.0468718097,0.051522247
0.098405897,0.10243902
0.0019851576600000004,0.0023809525
-0.1115538422,-0.1091314
-0.0980181684,-0.092920355
-0.0466419748,-0.047505938
0.056160878,0.045
-0.019836242,-0.014634146
0.041735189,0.047381546
0.0005723868999999999,0.0023923444
0.047791843699999996,0.04950495
-0.035728035398,-0.035714287
-0.10713409,-0.100238666
-0.0547697704,-0.0495283
-0.0089273523,-0.0074074073
0.04982398194,0.050397877
-0.059011743799999995,-0.06203474
-0.100052545,-0.0920398
-0.0519218935,-0.05050505
0.0123262694,0.013227513
0.045042431300000005,0.04109589
0.02415934972,0.023936171
0.0213692775,0.02610966
0.023647076000000003,0.031578947
-0.0135264595,-0.01038961
-0.0189014216,-0.015267176
-0.0288171695,-0.022959184
-0.0081884497,-0.005249344
-0.049075129815,-0.04909561
-0.0019689982,0.0
-0.0118280912,-0.01055409
0.0195050124,0.02173913
-0.038675330900000006,-0.03916449
-0.025574433,-0.018666666
-0.0149779936,-0.013297873
0.039173696699999996,0.04076087
0.0114718717,0.013586956
-0.0092098345,-0.0053908355
-0.06253513249999999,-0.057441253
-0.036428092499999995,-0.03217158
-0.02458607412,-0.024390243
-0.07246261513,-0.07202216
-0.0969575745528,-0.09695291
-0.0429515578,-0.041666668
0.0045162972999999995,0.0059701493
0.0652476203,0.058282208
0.028984389699999998,0.03188406
0.05926830899999999,0.068249255
0.0367000869,0.03768116
0.0171008417,0.019662922
-0.026164366,-0.022222223
-0.0239345576,-0.016759777
-0.029000104,-0.027548209
-0.0087103057,-0.0056818184
-0.02787379025,-0.028409092
-0.038146119,-0.036827195
-0.053202447,-0.04857143
-0.024084530399999998,-0.020467836
-0.0315178693,-0.029411765
-0.06936785247999999,-0.06906907
-0.043359678,-0.03880597
-0.026173606,-0.018181818
0.0238371534,0.025806451
-0.0106522171,-0.00931677
-0.026533420000000002,-0.018518519
-0.0184982126,-0.012578616
-0.0349281468,-0.031347964
-0.0473713413,-0.044025157
0.0008349255,0.0031847134
-0.0139285773,-0.009708738
-0.0382751938,-0.03618421
-0.04739320876,-0.04761905
-0.011821005999999998,-0.006535948
0.0388657107,0.037542664
0.0296431614,0.026666667
-0.0033484225,0.0
0.0009107981,0.0032894737
-0.0043123914,0.0
-0.015046997,-0.009868421
-0.06570834440000001,-0.062295083
-0.0313981595,-0.025974026
-0.0265760963,-0.023255814
0.0962242792,0.09440559
0.053894871600000005,0.05
0.06849208979999999,0.071428575
0.022139385440000003,0.022364218
0.008123,0.015873017
-0.00013384280000000017,0.0031746032
-0.019667013,-0.015625
-0.06408269800000001,-0.05625
-0.083490328,-0.07911392
-0.07896274560000001,-0.07619048
-0.039201577,-0.03642384
-0.0328317597,-0.030927835
-0.031215276,-0.030927835
-0.0971358026,-0.096219935
-0.06109146,-0.060283687
-0.01766247941,-0.017730497
0.0514270454,0.04942966
0.0705816695,0.056603774
0.0042865047,0.010830325
-0.015360915499999999,-0.0036231885
-0.01514855474,-0.014285714
0.005413820099999999,0.007142857
0.0166401183,0.018181818
-0.056645993500000005,-0.054347824
-0.0312588625,-0.028368793
0.0107178993058,0.010714286
0.063375283,0.06130268
0.072787758,0.06569343
0.0023897859999999996,0.010600707
0.040110307,0.050541516
-0.011391075,-0.0102739725
-0.023522207399999998,-0.024425264
0.00522499647,0.0044313665
0.017598940599999998,0.01923074
0.0017717139999999998,0.005891022
0.0043696288,0.0058822953
-0.0015520633999999997,-0.0029027292
0.0025542127,0.0073206043
0.009005522,0.010233976
-0.0037656606999999995,0.0014555586
-0.0063792681,-0.0029069483
-0.0042998963,0.0
0.007692005700000001,0.010174413
0.005576966,0.0072886525
0.0043739784,0.0057886555
-0.0031248361000000002,0.0028777316
-0.0021937727,0.0014471328
-0.0065317041,-0.0057553397
-0.030323689,-0.02439022
-0.0166885522,-0.0130057465
-0.0185376659,-0.015918957
-0.0083584899,-0.0058823586
-0.00811896777,-0.008784813
-0.0084483315,-0.004411816
-0.0012231928,0.0014792436
0.006379204300000001,0.010339729
0.007131744600000001,0.010339729
-0.0086316594,-0.0059084254
-0.0198920793,-0.016081871
-0.030415827399999998,-0.024853779
-0.0162901582,-0.013372922
-0.0072025983,-0.004457641
0.00038038290000000016,0.0044977395
0.0094663,0.012048204
0.0047034906000000005,0.00746271
-0.004215078,0.0
-0.003760793,-0.0014881126
-0.009423876500000001,-0.0059259315
-0.012928640199999999,-0.010447755
-0.02097488049,-0.02086437
-0.0403354796,-0.034277216
-0.026553650199999997,-0.02413269
-0.0235184898,-0.021308968
0.021714144400000003,0.024691382
0.005773661899999999,0.0077279327
0.01377559823,0.013996853
-0.0256129836,-0.024096409
-0.0103807356,-0.0061349752
-0.0020891905,0.0
0.008920510199999999,0.010802464
-0.014582952,-0.012345691
-0.0064897615,-0.004601215
-0.0090016611,-0.0061068763
0.0157279914,0.01875002
0.0036242940999999997,0.004622484
-0.020554804,-0.018433133
-0.0885964908,-0.08742329
-0.1415336106,-0.1411043
-0.1883609474,-0.18466355
-0.1875844917,-0.18487394
-0.060195232,-0.07499996
0.061716636,0.05566218
0.160493263,0.14639169
0.053740513000000004,0.04440148
-0.045174256999999995,-0.02545453
-0.045868461,-0.032374095
-0.0151294993,-0.0073936433
0.0095494321,0.007462694
-0.025208258,-0.02602229
-0.0043408843,0.0
-0.0011711091,0.0037036675
0.03792243123,0.038167976
-0.0030463970999999998,-0.0055866577
-0.035492022,-0.027675284
-0.0074032012,-0.0018382568
0.011899571900000001,0.014981288
0.08275083409999999,0.08538902
0.057944615399999996,0.06077348
0.042454043299999994,0.049815528
-0.012765061000000001,-0.010489483
0.0095211654,0.013888902
0.023975609,0.02987695
0.0348375869,0.037102453
-0.02216424,-0.017123342
-0.017017406,-0.011945386
-0.013055948,-0.008517914
0.0041358390000000005,0.006968648
-0.02479553784,-0.024179608
-0.03340119257,-0.032646064
0.0001238315000000002,0.0051903725
0.0588176506,0.06194687
0.0451538327,0.04618118
0.019536652300000002,0.022375181
-0.0277562545,-0.01999995
0.033408928,0.039049257
0.0252028662,0.026936052
0.034450359,0.037414964
-0.01133050079,-0.011437902
-0.0345917672,-0.02950819
-0.025919301999999998,-0.021311514
-0.020691637,-0.018181818
-0.0120178808,-0.010135181
-0.004663331949999999,-0.0050251125
-0.014437166000000001,-0.015151548
-0.0003670997999999999,0.0034130092
-0.003039695,0.0
0.020533495,0.025641033
0.02070311055,0.020408109
0.0094688804,0.016834997
-0.020241533,-0.016666647
-0.0171211605,-0.0149999615
-0.0245515374,-0.021523146
-0.0268988512,-0.023728801
-0.0217856212,-0.01861252
-0.009172403700000002,-0.005076129
0.0199380458,0.02256941
0.004510065299999999,0.006896558
-0.0052436601,-0.0017007001
0.0034980687,0.008488991
0.025233131199999998,0.027397214
0.026804124300000003,0.032367986
0.0420762206,0.04377105
0.024248594499999998,0.028333379
-0.0047704782,0.0
0.0031293792999999995,0.008064541
0.0072364343000000005,0.011345212
0.0228717805,0.026402595
0.0161371794,0.019039968
0.0168358372,0.022435885
-0.002140551,-0.0008038334
-0.0235920374,-0.018998273
-0.021434813,-0.01724138
0.0153669063,0.019469026
0.008678971700000001,0.01056338
0.021392348699999997,0.028070176
-0.050546892,-0.045138888
-0.0429758124,-0.038327526
-0.070662915,-0.06484642
-0.0010954927000000007,0.0072727273
0.0199080385,0.010869565
0.012986022,0.018248174
0.0104089825,0.014440433
0.0702776373,0.07168459
0.129215933,0.13620071
0.13635221890000002,0.13879004
0.1366300427,0.14381272
0.1363121346,0.14195584
0.12414813799999999,0.128125
0.032828968,0.038011696
0.01670513,0.022099448
0.0146769796,0.019390581
0.0234818626,0.028169014
-0.030293628399999998,-0.02972973
-0.0806736722,-0.07608695
-0.08247843499999999,-0.07808219
-0.0099481602,-0.011142061
0.056369020299999996,0.05882353
0.071265488,0.06686478
0.030796270599999998,0.028169014
0.016461794000000002,0.027777778
0.0202895397,0.02367688
-0.033496688000000004,-0.028767124
-0.0621993926,-0.05945946
-0.0582279405,-0.053061225
-0.0262900905,-0.021156559
0.0074550297,0.0057471264
0.00489971,0.0
-4.836300000000005e-05,0.004322767
-0.0226707242,-0.02
-0.0416909714,-0.03735632
-0.046681938,-0.04160689
-0.0067981114,0.0
0.014282432000000001,0.014925373
0.00058767945,0.0
-0.0119634382,-0.010204081
-0.009828295899999999,-0.00882353
0.0340335465,0.032934133
0.006541350099999999,0.008836525
-0.0037699155999999998,0.002967359
-0.0271852295,-0.023188407
-0.0370657592,-0.03649635
-0.0620506879,-0.06065089
-0.02143474325,-0.020771513
-0.0261872654,-0.022727273
0.021486557500000003,0.02047244
-0.016752955284,-0.016666668
-0.0044507326,0.0062015504
0.00470619532,0.0046296297
-0.021078197700000002,-0.016949153
0.0468517883,0.050847456
0.0460408057,0.050691243
0.058662807,0.06269593
-0.07517585484,-0.07478006
-0.0740598722,-0.07163743
-0.0552453054,-0.050147492
0.06425540319999999,0.06339144
0.075727808,0.06456693
0.0041146740000000005,0.00931677
-0.00713667,-0.001490313
0.0159315225,0.01775148
0.1013638137,0.10307692
0.070135501602,0.07014925
-0.018523331,-0.011627907
-0.0122149714,-0.006973501
-0.026624547999999998,-0.025104603
0.0023672814399999997,0.0029411765
-0.08405565379999999,-0.08707865
-0.09241903900000001,-0.084406294
-0.033674907500000004,-0.032258064
0.0483295264,0.04923077
0.0805090413,0.0765625
0.050223178720000004,0.05
0.0245851305,0.029325513
0.019644326,0.027576197
-0.0045798509,-0.0014430014
-0.0164547586,-0.012820513
-0.0213947085,-0.015536723
0.0042863277,0.0072254334
-0.004308524114999999,-0.0043290043
0.0138129238,0.015781922
0.0145079208,0.015781922
0.0122586364,0.014492754
-0.034821574900000006,-0.035310734
-0.059167657000000005,-0.05225989
-0.0245372636,-0.022857143
0.0071975997,0.008784773
0.0098074197,0.011922504
-0.027210812,-0.023391813
-0.038475589500000004,-0.03338171
-0.0469663825,-0.04270987
-0.02714193812,-0.026946107
-0.08452454113,-0.084084086
-0.0892354345528,-0.08923077
-0.0289771968,-0.027692307
0.03789041,0.039344262
0.0914248723,0.08445946
0.030328179700000003,0.03322785
0.036760377,0.045741323
0.0270563089,0.028037382
0.0066262812,0.0091883615
-0.034108056,-0.030165913
-0.0359626606,-0.02878788
-0.039388162000000004,-0.037936267
-0.0232462173,-0.02021773
-0.01662538425,-0.017160686
0.0049902244,0.0063091484
0.006480094,0.011111111
-0.0083785994,-0.004761905
-0.0459932503,-0.043887146
-0.10233960248,-0.10204082
-0.07313425300000001,-0.068580545
-0.02438523,-0.016393442
0.0137649684,0.015734266
0.0294864709,0.030821918
-0.016348235,-0.008333334
0.0026862554000000004,0.008605852
-0.030158254800000003,-0.026578072
-0.0386403043,-0.03529412
-0.0023497879,0.0
-0.0178717163,-0.013651877
-0.038676347800000004,-0.036585364
-0.08851136376,-0.088737205
-0.074489208,-0.06920415
-0.0258017273,-0.027124774
0.0329390414,0.029962547
0.007803994,0.0111524165
-0.0042374116,-0.001858736
-0.0279487544,-0.023636363
-0.027237400000000002,-0.022058824
-0.057416984399999996,-0.054003723
-0.0165973175,-0.011173184
0.0342737007,0.037593983
0.12583443919999998,0.12401575
0.07734119760000001,0.073446326
0.022425832799999997,0.025362318
-0.01948928056,-0.019264448
-0.016521947000000002,-0.00877193
-0.015675938,-0.012367492
-0.004042013,0.0
-0.043230928,-0.03539823
-0.032998948,-0.02862254
-0.027772265600000002,-0.025
-0.039474983000000005,-0.036697246
-0.0166368897,-0.014732965
-0.058895500999999996,-0.05860806
-0.0885349176,-0.08761905
-0.06435917299999999,-0.0635514
0.00201354289,0.0019455253
0.07089091539999999,0.06889353
0.051902047500000006,0.037924152
0.0109319077,0.017475728
0.011699773,0.0234375
0.00682946696,0.0076923077
0.00017936009999999997,0.001908397
-0.0282592567,-0.026717557
-0.0862676395,-0.08396947
-0.050509119500000005,-0.04761905
0.0137291033058,0.01372549
0.062489268,0.060416665
0.063094328,0.056
-0.00047397699999999956,0.007736944
0.011179792000000001,0.021611001
0.0026707765000000003,0.003787879
-0.06899704340000001,-0.0699001
-0.038070368029999996,-0.038863998
-0.022779857400000002,-0.021148058
-0.013321762000000001,-0.009202454
4.2553800000000135e-05,0.0015552203
0.0106099258,0.00925926
0.020001391400000002,0.024767783
0.020510697,0.021739151
-0.0006340327999999999,0.0045871865
0.0086122932,0.012084613
0.0352138037,0.0395137
0.10710664269999999,0.10958905
0.0400792795,0.041790966
0.0073571949,0.008771872
-0.0485266377,-0.04252407
-0.0165348605,-0.012893955
0.0035714906000000003,0.004347855
-0.037452079,-0.03151861
-0.0385158977,-0.034833092
-0.050237788900000004,-0.04761908
-0.045375535300000006,-0.042899404
-0.030913074770000003,-0.03157892
-0.0434304155,-0.0393939
-0.0258863334,-0.023183897
0.006909051300000001,0.010869576
0.0346469056,0.03785489
0.038416030000000004,0.041139264
0.0007980563999999998,0.0046082647
-0.0070818153000000005,-0.0015197669
-0.0029172362,0.0
0.0140746057,0.016819563
0.052199246399999996,0.056316603
0.044530508999999996,0.047112413
0.0228047406,0.02556396
-0.056088278,-0.0518732
-0.0429112724,-0.040638592
-0.018160683,-0.014662738
0.0157561968,0.018237082
0.01350525451,0.013615765
-0.020939255599999998,-0.014880992
-0.0024209602,0.0
-0.003702069,-0.0014925472
0.0634880424,0.06646528
0.0323740792,0.03432835
0.052095625230000005,0.05231688
-0.0270123816,-0.025495807
-0.0143468374,-0.010101077
-0.0304982455,-0.028409055
-0.0062424478,-0.004360494
-0.013899031,-0.01166177
-0.010660534499999999,-0.008771988
-0.0116538518,-0.008759067
0.007302406399999999,0.010324435
0.0240756071,0.025073797
0.014078613999999998,0.016200285
-0.0639468808,-0.06277368
-0.1399976706,-0.13956836
-0.1964510374,-0.19275364
-0.1942993117,-0.19158876
-0.057101637,-0.071906365
0.05811915,0.052064694
0.154756703,0.14065513
0.054384092999999994,0.04504506
-0.050436452,-0.030716725
-0.054034908,-0.040540542
-0.042218636,-0.03448278
-0.0243217479,-0.026408486
-0.059045168,-0.0598592
-0.0221980043,-0.01785712
0.005975133400000001,0.01084991
0.048443623229999996,0.048689168
0.004358382500000001,0.0018181219
-0.022128033,-0.014311295
0.0301493656,0.03571431
0.0386606339,0.04174235
0.1116994301,0.114337616
0.08337798540000001,0.08620685
0.0989102353,0.10627172
0.030297735,0.032573313
0.0527751234,0.05714286
0.06024039900000001,0.06614174
0.0624038339,0.0646687
0.014478632,0.01951953
-0.0006406759999999997,0.004431344
0.005832406,0.01037044
0.011894713,0.014727522
0.011148738160000001,0.011764668
0.01537389343,0.016129022
0.025412386999999998,0.030478928
0.06954522660000001,0.072674446
0.06679371270000001,0.06782106
0.0774432513,0.08028178
0.0383141405,0.046070445
0.021386663,0.027026992
-0.0043407648,-0.002607579
-0.018508648,-0.015544043
-0.01858543279,-0.018692834
-0.0182689772,-0.0131854
-0.0059677518,-0.0013599638
0.019229311,0.02173913
0.0182515272,0.020134227
0.01504802855,0.014686248
-0.0032749797,-0.0039893617
-0.003780109,0.0
0.012749777999999998,0.015789473
0.012248938,0.017356476
-0.02733657745,-0.027631579
-0.0824956466,-0.07512953
-0.053443652,-0.049868766
-0.0007680190999999998,0.0013531799
0.0361872966,0.039215688
0.014785749800000001,0.0179558
-0.00047039840000000005,0.0027027028
0.0498120813,0.053908356
0.0557132758,0.05834464
0.047478737300000004,0.04986523
-0.0061005047,-0.0025575447
-0.0011447684999999997,0.0038461538
0.0119565842,0.014120667
0.007256651300000001,0.012820513
0.0136308406,0.01532567
-0.0040847845,0.0
-0.0212261752,-0.016455697
-0.0250609477,-0.020125786
-0.00031130939999999977,0.0037974683
0.0170612055,0.02059202
0.0587146714,0.06161746
0.0208816662,0.026481714
0.007490520399999999,0.008827238
-0.0432878404,-0.038694076
-0.026306454,-0.022113021
0.007147880299999999,0.01125
0.0459143317,0.04779874
0.0661864967,0.072864324
-0.022713319000000003,-0.017305315
-0.0082497269,-0.0036014405
-0.033919539,-0.028103044
0.002952534999999999,0.011320755
0.0150625695,0.006024096
-0.016105526,-0.010843374
0.029550639500000003,0.03358209
0.0033834664999999996,0.0047904192
0.025901947999999998,0.032886725
0.020426198899999998,0.02286402
0.030957965700000003,0.038140643
0.09223365459999999,0.09787736
0.101905492,0.105882354
0.021223702,0.02640643
-0.042988301,-0.037593983
-0.0430114744,-0.038297873
-0.0404813354,-0.035794184
-0.0697603234,-0.069196425
-0.0687460122,-0.06415929
-0.0600807,-0.055684455
0.0251747158,0.023980815
0.0353705503,0.03782506
0.090395794,0.085995086
0.0131658976,0.010538641
-0.0147328405,-0.0034168565
-0.013568336299999999,-0.010180996
0.010334167,0.015063731
-0.0541685026,-0.05142857
-0.047452429500000004,-0.042285714
-0.062211155500000004,-0.057077624
-0.0247981197,-0.026506023
-0.010613417,-0.015513127
-0.0055817838,-0.0012106538
0.0245569978,0.027227722
-0.0164558634,-0.012121212
-0.022044745999999997,-0.016969698
-0.030894496400000002,-0.024096385
-0.012912878999999999,-0.012269938
-0.037636734549999995,-0.038224414
-0.0141050362,-0.012345679
0.0151443021,0.016149068
0.0523814655,0.051282052
0.042704825099999996,0.045
-0.0238521896,-0.017114915
-0.024728530500000002,-0.020731708
-0.06755505319999999,-0.066985644
-0.0722953179,-0.07089552
-0.01685252025,-0.01618929
0.004232315299999999,0.0076923077
0.0425134475,0.04149933
-0.010212869284,-0.010126582
0.016065273999999997,0.026717557
0.04891975162,0.048843186
0.0099374513,0.014066496
-0.0300179737,-0.026022306
0.025986817699999998,0.030637255
-0.029253803999999998,-0.025220681
-0.08563752484,-0.08524173
-0.12846287220000002,-0.12604043
-0.0348520184,-0.029754205
0.0495426852,0.048678722
0.037011218,0.02585034
-0.023868761999999998,-0.018666666
-0.033497816,-0.027851459
0.0180739425,0.0198939
0.08252602369999999,0.08423913
0.084570151602,0.0845839
-0.044606739,-0.037711315
-0.0478479884,-0.042606518
-0.055607995,-0.05408805
0.02510177994,0.025675675
-0.0113749098,-0.014397906
-0.037268065,-0.02925532
-0.0435775835,-0.04216074
-0.0234776056,-0.022576362
0.0039465413,0.0
0.02360694672,0.023383768
0.0251509225,0.029891305
0.019465389,0.02739726
-0.0273303975,-0.024193548
-0.07091656560000001,-0.06728232
-0.0471913185,-0.041333333
-0.0153357997,-0.012396694
-0.009880509815,-0.00990099
0.0035942842,0.0055632824
-0.0054581015,-0.0041841003
0.024908738399999998,0.027142856
-0.0133420999,-0.013831259
-0.020913369,-0.014005602
0.002492341,0.0041724616
0.0110355477,0.012622721
0.009248552699999999,0.011363637
-0.0107442066,-0.0069252076
-0.028639586499999998,-0.023545707
-0.0253239285,-0.021067416
-0.02948453512,-0.029288704
-0.06710712513,-0.06666667
-0.1047392445528,-0.10473458
-0.07599752979999999,-0.07471264
-0.051605826,-0.050151974
0.0133756688,0.0064102565
-0.0184276213,-0.015527951
0.035819054,0.0448
0.0149424939,0.015923567
-0.0088712287,-0.0063091484
-0.054478131,-0.050535988
-0.0636011106,-0.05642633
-0.022086816000000002,-0.020634921
-0.0159317133,-0.012903226
0.01216320875,0.011627907
0.005164058,0.006482982
-0.007898991000000001,-0.003267974
0.0029514501000000005,0.0065681445
-0.0037164102999999995,-0.001610306
-0.04456107648,-0.044262294
-0.025760886,-0.021207178
-0.0096046912,-0.0016129032
0.061495537399999994,0.063464835
0.0386645529,0.04
-0.017707954999999997,-0.009693054
-0.0349518546,-0.029032258
-0.022810952800000003,-0.01923077
-0.031078648299999997,-0.027732464
0.0209060261,0.023255814
-0.0336316043,-0.029411765
-0.0171916548,-0.015100671
-0.08905987876,-0.08928572
-0.028854081,-0.023569023
-0.0293413493,-0.030664396
0.0528873674,0.049910873
-0.0119691125,-0.00862069
0.0011362629000000002,0.0035149385
-0.0331748694,-0.028862478
-0.010395967499999999,-0.0052173915
-0.0559526654,-0.052539404
-0.0473821735,-0.04195804
-0.0417818223,-0.03846154
0.0702105592,0.06839187
0.0878364816,0.08394161
0.0516089698,0.054545455
-0.00541514406,-0.0051903115
-0.043103551,-0.035353534
-0.036067066,-0.03275862
-0.017955057,-0.013913044
-0.035755909,-0.027923211
-0.061417405,-0.057040997
-0.0874283456,-0.08465608
-0.079977017,-0.07719928
-0.034040029699999995,-0.032136105
0.0016393413,0.0019267823
-0.059281627600000004,-0.05836576
0.008957852,0.009765625
0.03276032759,0.03269231
0.11356763539999999,0.11157025
0.0352544905,0.021276595
0.0362867197,0.04283054
0.021719523,0.03345725
0.048379585259999996,0.049242426
-0.0017290369,0.0
-0.0051388221,-0.0035971224
-0.0492295795,-0.04693141
0.0042527875,0.007142857
0.057765345305800006,0.057761732
0.07783018300000001,0.07575758
0.047874469999999995,0.040780142
-0.026982253,-0.018771332
0.010695551000000001,0.02112676
0.015918672499999998,0.017035775
-0.0297092484,-0.030612305
-0.04164666003,-0.04244029
-0.030129236400000002,-0.028497437
-0.035698208,-0.0315789
0.0400386335,0.0415513
-0.0066493212,-0.007999987
0.0196900924,0.024456484
-0.001228454,0.0
-0.0159739283,-0.010752709
-0.0299975158,-0.026525196
-0.0149382143,-0.010638318
0.035561087699999994,0.038043495
0.0173618935,0.01907358
0.0227788329,0.02419351
0.0280288273,0.034031395
0.0551826845,0.05882359
0.0202210516,0.020997416
-0.054034697000000007,-0.048101228
-0.0491373857,-0.04545458
-0.0386084389,-0.03598973
0.0055025787,0.00797871
0.01124787723,0.010582032
0.0146301595,0.018666675
0.010490117600000001,0.013192554
0.019599647300000002,0.023560172
0.0124987966,0.015706781
-0.0053273234,-0.0026040894
-0.0140404073,-0.010230199
-0.0029846965,0.0025773519
-0.0003063479000000001,0.0026108883
0.0205109307,0.023255888
0.0190188534,0.02313621
0.044293133,0.046875037
0.0123922716,0.015151491
-0.021803027,-0.017587949
-0.0072478671,-0.0049751867
0.006452322999999999,0.009950268
0.040997379800000004,0.043478265
0.02988954951,0.03000006
0.0037939724000000006,0.009852236
-0.0318326782,-0.029411718
-0.0216270348,-0.019417513
0.0116568854,0.014634123
0.0333992792,0.03535355
0.017105485230000002,0.01732674
-0.0303627846,-0.02884621
-0.0140018764,-0.009756116
-0.028853207500000002,-0.026764017
-0.0068324064,-0.0049504526
-0.026867798000000002,-0.024630537
-0.0218884805,-0.019999934
-0.0426957528,-0.039800968
-0.0257493706,-0.022727342
-0.0086512389,-0.007653049
0.008240934,0.010362605
-0.0631887208,-0.06201552
-0.1083985056,-0.107969195
-0.17549221739999998,-0.17179482
-0.17350939170000002,-0.17079884
-0.057241372,-0.0720461
0.058686039,0.052631583
0.153636453,0.13953488
0.034183737,0.024844704
-0.049131547,-0.02941182
-0.048479796,-0.03498543
-0.01379641,-0.006060554
-0.0039738159,-0.006060554
-0.07471465799999999,-0.07552869
-0.0531214003,-0.048780516
-0.0353625766,-0.0304878
0.025898228229999997,0.026143773
0.0089505296,0.006410269
-0.039263339999999994,-0.031446602
-0.0087496304,-0.003184686
0.0255807269,0.028662443
0.07528391409999999,0.0779221
0.0578739584,0.060702823
0.0235982613,0.030959746
-0.0052876005,-0.0030120225
-0.010391844899999999,-0.0060241083
0.0031076529999999993,0.009008994
0.012840870899999999,0.015105737
-0.005040898,0.0
-0.0110244127,-0.0059523927
-0.013466592,-0.008928558
0.012318704,0.015151513
-0.018579974840000003,-0.017964045
-0.03378819357,-0.033033065
-0.019991912,-0.014925371
0.07004146060000001,0.07317068
0.07350683270000001,0.07453418
0.0607978613,0.06363639
-0.0361653925,-0.028409088
0.049272983,0.054913312
0.043850830199999996,0.045584016
0.075982825,0.07894743
0.00010740121,0.0
-0.0350562442,-0.029972667
-0.045258245,-0.040650457
-0.029907074999999998,-0.027397256
-0.0271636768,-0.025280977
-0.01658734545,-0.016949126
-0.055623698,-0.05633808
-0.012425629,-0.00864552
0.028569531,0.031609226
0.063549222,0.06865676
0.03808568155,0.03779068
-0.004580684,0.0027854326
-0.003574886,0.0
0.0006799564000000004,0.0028011554
-0.0196950324,-0.016666641
-0.0171365282,-0.013966478
-0.017139579199999998,-0.013966478
0.0156777453,0.01977402
-0.005464260699999999,-0.0028328965
0.0032792408,0.0056657335
-0.014623314,-0.011080354
0.0376227077,0.04261363
0.06544156120000001,0.067605644
0.0504585403,0.056022402
0.0337275006,0.03542233
0.0038307704999999996,0.007915555
-0.010075472700000001,-0.0053049945
0.029275460300000004,0.034210622
0.0115980033,0.015706781
0.06580248550000001,0.0693333
0.060710371400000004,0.06361316
0.053678282199999997,0.05927833
-0.0038305145,-0.0024937969
-0.0285172064,-0.023923442
-0.021225071,-0.017031638
0.0058979003,0.01000002
0.015272462700000001,0.017156871
0.09233206270000001,0.09900989
0.016869293,0.022277297
-0.0046482864,0.0
-0.073384055,-0.06756756
-0.030160054,-0.021791834
0.0083637785,-0.000674695
-0.013957770000000001,-0.008695618
0.0385428395,0.04257429
0.0376555473,0.0390625
0.114067853,0.12105263
0.16166474890000002,0.16410257
0.19081231270000001,0.19799499
0.1305065346,0.13615024
0.077520934,0.081497796
-0.0009986277,0.0041841003
0.054523038999999995,0.059917357
0.042129578599999995,0.04684318
0.0161461826,0.020833334
-0.0746379734,-0.074074075
-0.0707345822,-0.06614786
-0.05745747,-0.053061225
0.028562320800000002,0.02736842
0.020462157300000002,0.022916667
0.056124848000000005,0.05172414
0.0087747976,0.006147541
0.057930446,0.06924643
0.062186429700000004,0.06557377
0.017673694999999996,0.022403259
-0.1113113576,-0.108571425
-0.0955513355,-0.09038462
-0.07286261749999999,-0.067729086
0.0017079033,0.0
0.00489971,0.0
0.01485964,0.01923077
0.005876284799999999,0.008547009
-0.019133805400000002,-0.014799154
-0.021846536,-0.016771488
-0.0110353994,-0.004237288
0.029399976999999997,0.030042918
0.00911646445,0.008528785
0.0599427728,0.06170213
0.032328569099999996,0.033333335
0.0391543835,0.03805497
-0.0443793449,-0.04208417
-0.0611727586,-0.054435484
-0.040656700500000004,-0.036659878
-0.042410413200000004,-0.041841004
-0.08029105289999999,-0.078891255
-0.02391904425,-0.023255814
-0.0100102108,-0.0065502184
0.0519400425,0.050925925
0.008571721716,0.008658009
0.028908157000000004,0.03956044
0.08597965162,0.085903086
0.0645404853,0.06866953
0.07422843230000001,0.0782241
0.062286682700000005,0.06693712
0.040143582,0.044176705
-0.05137618784,-0.050980393
-0.11649088219999999,-0.11406844
-0.0724055094,-0.067307696
-0.023929424799999998,-0.024793388
0.026182337,0.015021459
-0.095923746,-0.09072165
-0.031070085,-0.025423728
-0.0293041005,-0.027484143
0.059511383699999996,0.06122449
-0.019578965397999998,-0.019565217
-0.076460638,-0.069565214
-0.0287457444,-0.023504274
-0.0059545348,-0.0044345898
0.02746348694,0.028037382
-0.0713752538,-0.07439825
-0.08150940500000001,-0.07349666
-0.0377804785,-0.036363635
0.0487441464,0.04964539
0.0616388493,0.057692308
0.04739299072,0.047169812
0.033547905499999996,0.038288288
0.037522676,0.045454547
0.0238901785,0.027027028
-0.0144802326,-0.010845987
-0.0232492895,-0.017391304
-0.0248689307,-0.021929825
-0.043839169815,-0.04385965
-0.0019689982,0.0
0.007694608800000001,0.00896861
0.0298759724,0.03211009
-0.0304842919,-0.030973451
-0.02912999,-0.022222223
-0.0172356766,-0.015555556
0.0303762967,0.03196347
0.006975824699999999,0.009090909
-0.008333672,-0.004514673
-0.0382797195,-0.03318584
-0.0402925495,-0.036036037
-0.04101215712,-0.040816326
-0.09883862513,-0.09839817
-0.1121541945528,-0.11214953
-0.07929907979999999,-0.07801419
-0.026834562,-0.02538071
0.0095969913,0.002631579
-0.0131560813,-0.010256411
0.05872738999999999,0.067708336
0.0567617089,0.057742782
0.0362980247,0.038860105
-0.052722629,-0.048780486
-0.0468770136,-0.039702233
-0.023895785000000003,-0.02244389
-0.0081566926,-0.0051282053
-0.027888471249999998,-0.028423773
-0.047237292,-0.045918368
-0.043290809,-0.038659792
-0.0036166944,0.0
-0.0128012913,-0.010695187
-0.07536580248,-0.07506702
-0.05242605,-0.047872342
-0.035018816,-0.027027028
0.0270162104,0.028985508
-0.0041287431,-0.002793296
-0.035792679,-0.027777778
-0.0031026953000000005,0.0028169013
-0.0231880268,-0.019607844
-0.009060470000000001,-0.0057142857
0.0201221221,0.02247191
0.012923016700000001,0.017142856
-0.004964547,-0.0028735632
-0.04922470876,-0.04945055
-0.024947979999999998,-0.019662922
-0.0015587975999999998,-0.0028818443
0.0260978814,0.023121387
0.028170200500000003,0.031518623
0.0207427114,0.023121387
-0.0014875326,0.0028248588
-0.035734132,-0.030555556
-0.0429612814,-0.03954802
-0.0307762465,-0.025352113
-0.0119162703,-0.008595988
0.0547598662,0.052941177
0.0270162586,0.023121387
0.0028438615,0.0057803467
-0.022571200559999997,-0.022346368
-0.030348886999999998,-0.02259887
-0.026296952,-0.022988506
-0.038327726,-0.034285713
-0.059855818,-0.05202312
-0.086729348,-0.08235294
-0.07969534560000001,-0.07692308
-0.051558223,-0.048780486
0.0013012034999999999,0.0032051282
-0.000287441,0.0
-0.0682235636,-0.067307696
-0.067900423,-0.06709265
-0.01916275241,-0.01923077
0.0501073524,0.048109967
0.0721970755,0.05821918
0.0130640237,0.019607844
-0.011737727,0.0
-0.01380782474,-0.012944984
-0.0145495499,-0.012820513
-0.008099076699999999,-0.006557377
-0.051478499500000004,-0.04918033
-0.0191238355,-0.016233766
0.0099046033058,0.00990099
0.060693293,0.05862069
0.089602578,0.08250825
0.076756399,0.08496732
0.054715371,0.06514658
-0.0102634435,-0.009146341
0.0109030566,0.01
0.00079362997,0.0
-0.0016317994,0.0
-0.014020298,-0.00990099
-0.0015126665,0.0
0.0013506658,0.0
-0.0022663916,0.0025
-0.001228454,0.0
-0.0052212193,0.0
-0.0184349128,-0.014962593
-0.0167998963,-0.0125
-0.0149824073,-0.0125
-0.0143699145,-0.012658228
-0.0204020171,-0.01898734
-0.022458264699999998,-0.016455697
-0.0087691108,-0.0051282053
-0.0007763644,0.0
-0.032960497000000005,-0.027027028
-0.0307446607,-0.027061855
-0.021973547899999998,-0.019354839
0.0226561427,0.025132274
0.02848041423,0.027814569
0.0170161165,0.021052632
0.0011685314000000001,0.0038709678
0.0037714341,0.0077319588
0.041895105599999996,0.04510309
0.033266483,0.035989717
0.0256015567,0.029411765
-0.0006298659999999998,0.0049321824
0.007008321799999999,0.009925558
0.0171308187,0.019875776
0.0069255884,0.011042945
0.042872642999999995,0.045454547
0.0216013166,0.024360536
0.032192692,0.03640777
0.0224041696,0.02467685
0.065467575,0.06896552
0.058409044800000004,0.06088993
0.04346746951,0.04357798
0.038435620399999995,0.044493884
0.0527666798,0.05518764
0.0505377312,0.052747253
0.0151271294,0.018104367
-0.0124145218,-0.010460251
-0.01170350977,-0.011482255
-0.010930800599999999,-0.009414226
0.0158388066,0.020084567
0.0813321395,0.08342133
0.08576324119999999,0.087645195
0.06512024899999999,0.06735751
-0.0038378643,-0.0019493178
-0.0087200273,-0.0058252425
-0.0069055238000000005,-0.0038834952
0.0341580601,0.03515625
0.033034579,0.03515625
-0.0401595558,-0.038986355
-0.051372707600000005,-0.050943397
-0.1169049474,-0.11320755
-0.0189377317,-0.01622718
0.044625802,0.029821074
0.14435232599999998,0.13829787
0.193483023,0.17938145
0.11937764299999999,0.11003861
0.036355038,0.056074765
-0.020487373,-0.006993007
-0.051214116,-0.04347826
-0.0244619339,-0.026548672
0.013137975999999999,0.012323944
0.0592954757,0.06363636
0.1078524934,0.11272727
0.08323272023,0.083478265
0.0025402606,0.0
-0.053568373,-0.045751635
-0.028036854400000002,-0.02247191
0.0379439259,0.041025642
0.0590056491,0.061643835
0.018517605399999998,0.02134647
0.013984985299999999,0.02134647
0.0025631317,0.0048387097
-0.0075831705999999995,-0.003215434
-0.034840247,-0.028938906
-0.0712857361,-0.06902087
-0.069557028,-0.06451613
-0.031562086,-0.026490066
0.07994472600000001,0.08448276
0.157512011,0.16034482
0.15754733016,0.15816326
0.09304455143,0.09379968
0.08705826900000001,0.09212481
0.0879133666,0.091042586
0.0992633527,0.1002907
0.0434199713,0.0462585
0.0366582305,0.044414535
0.011532723000000002,0.017173052
0.007369545199999999,0.009102731
-0.009407904,-0.006443299
-0.00249000129,-0.0025974025
-0.025702133199999998,-0.020618556
-0.087616868,-0.08300908
-0.057197318999999996,-0.0546875
-0.0531984898,-0.05131579
-0.00953920945,-0.00990099
-0.057136858,-0.05785124
-0.068967349,-0.06518724
-0.0087539807,-0.0057142857
0.038752112,0.04385965
0.06409322155,0.06379822
0.0012545734000000003,0.00862069
0.032839681,0.036414567
0.075982011,0.07810321
0.10665821860000001,0.10968661
0.0238569778,0.027027028
-0.0070540844,-0.0038809832
-0.0195006397,-0.015404365
0.0013160042,0.0039473684
-0.0153735057,-0.012987013
-0.0087580838,-0.0052151238
-0.0089227703,-0.003931848
0.0096780232,0.011842106
0.032444001300000004,0.038007863
0.0746209606,0.07631579
0.1142507155,0.1183355
0.1050780058,0.109848484
0.0806394133,0.085574575
0.0121702923,0.01627907
-0.0023931581,0.0011376564
0.0567818974,0.059684686
0.0927981222,0.09839817
0.044117829399999996,0.045454547
0.0102840256,0.01487779
-0.043776765999999995,-0.039583333
-0.0041021197,0.0
-0.0207325763,-0.018848168
0.0301985267,0.036876354
-0.0043210475,0.0010869565
-0.0281274764,-0.02347919
-0.064393902,-0.058577407
-0.0322553,-0.02388708
0.0166887469,0.0076502734
0.061404518,0.06666667
0.08050692949999999,0.08453838
0.0289618113,0.030368764
-0.019484777,-0.0125
-0.0434634631,-0.041025642
-0.0282353093,-0.021052632
-0.0246310454,-0.01898734
0.00030121299999999983,0.004278075
0.00556996,0.010752688
0.004283100999999999,0.009677419
-0.0047136014,0.0
0.0485043386,0.05319149
0.062268901599999996,0.0628328
0.040141713800000006,0.044728436
-0.010456851,-0.006060606
0.0553021178,0.054108217
0.0638044103,0.06625892
0.067408838,0.06300813
-0.0040267359,-0.0066539925
-0.029480419,-0.018164435
-0.0253758683,-0.021988528
-0.047791767,-0.043062203
-0.0290300976,-0.026290165
-0.0139643695,-0.008797654
0.012866468499999999,0.018
0.0607079033,0.059
0.045333635000000004,0.040433925
0.022151464,0.026522594
-0.0328879102,-0.030217186
-0.0289792014,-0.02464455
-0.014644426,-0.009569378
-0.0165352104,-0.009737099
-0.033684727,-0.033041786
-0.04578913355,-0.046376813
-0.038140870199999996,-0.036381513
-0.0010047659,0.0
0.0041389272,0.0030395137
0.0375007421,0.039795917
0.0284386054,0.03517588
0.0182254005,0.022222223
-0.0329540992,-0.03238469
-0.0305260119,-0.029126214
0.01415890475,0.014822135
0.0421789526,0.045638945
0.07601411749999999,0.075
0.119680022716,0.11976631
0.18236419699999998,0.19301648
0.15542540561999998,0.15534884
0.1002187803,0.104347825
0.0041344133000000005,0.008130081
-0.022363803300000002,-0.017713366
-0.090647303,-0.08661418
-0.12942804483999998,-0.12903225
-0.0934060522,-0.09098361
-0.0309598834,-0.02586207
0.0656787732,0.06481481
0.043622555,0.032461677
-0.062724222,-0.057522126
-0.075211571,-0.069565214
-0.09526973749999999,-0.09344978
-0.0251872863,-0.02347418
-0.072910944398,-0.072897196
-0.057955153999999995,-0.05105973
-0.0417799334,-0.036538463
0.0025123130000000004,0.004032258
0.0034870189399999994,0.004060914
-0.0788133338,-0.08183633
-0.13552278499999998,-0.12751004
-0.0914067295,-0.089989886
0.0208378864,0.02173913
0.0775944113,0.07364787
0.04355651172,0.043333333
0.005897915499999999,0.010638298
0.031725149,0.03965702
0.028812033499999997,0.031948883
0.0258394394,0.029473685
0.0178533545,0.02371134
0.0569164143,0.05985552
0.049100233184999995,0.049079753
0.0262283838,0.028197382
-0.0032214209,-0.0019474197
0.0006898590000000001,0.0029239766
0.0357487091,0.03525955
0.035043452999999995,0.04195122
0.0362207554,0.037900876
-0.0063175422999999994,-0.004730369
-0.00024242509999999992,0.0018726592
0.026143548,0.029962547
0.016769238500000002,0.021863118
-0.0369667925,-0.03271028
-0.08110492112,-0.08090909
-0.12509161913,-0.124651164
-0.1062848545528,-0.10628019
-0.061621189800000004,-0.0603363
0.007047741999999999,0.008501594
0.0329113593,0.025945947
0.0655213797,0.06842105
0.12273664399999999,0.13171759
0.2097670769,0.21074815
0.20729013970000001,0.20985222
0.060303667,0.06424581
-0.0498205606,-0.04264578
-0.042982839,-0.041530944
0.0249680137,0.027996501
0.12780803175,0.12727273
0.125274116,0.12659304
0.20217748300000002,0.2068085
0.20202846559999998,0.20564516
0.0469135057,0.04901961
-0.01299271748,-0.012693935
-0.133650688,-0.12909698
-0.044656058,-0.03666427
-0.0998264376,-0.09785714
-0.0796764621,-0.078341015
-0.08189550100000001,-0.0738806
-0.0162125496,-0.010292953
0.0214198172,0.025
-0.013015805799999999,-0.0096696215
-0.038349787899999994,-0.036
-0.0082848798,-0.0040650405
-0.0346377688,-0.032546785
-0.08193183876,-0.08215768
-0.153856488,-0.14857143
-0.0987610533,-0.1000841
-0.0386148256,-0.04159132
-0.057998472499999995,-0.05465005
-0.0930328856,-0.09065421
-0.1429916414,-0.13867925
-0.015320563999999998,-0.010141988
-0.0013577629,0.0020554985
0.0351016065,0.04052574
0.034589553700000004,0.037909836
0.0582289462,0.056410257
0.1512632916,0.14736842
0.07307535879999999,0.076011844
0.07453244744,0.07475728
0.010598606000000002,0.018348623
-0.021657069,-0.018348623
-0.032045626,-0.028003613
-0.034859726,-0.027027028
-0.065124072,-0.060747664
-0.13381315559999998,-0.13104089
-0.137036987,-0.13425925
-0.0566302947,-0.05472637
0.015755339,0.01604278
-0.0554613226,-0.054545455
-0.055544613,-0.05473684
0.00954170159,0.009473684
0.0868390154,0.08484163
0.10529192550000001,0.09131403
0.036209049699999996,0.04275287
0.051870192999999995,0.06360792
0.03995348526,0.040816326
0.021270963099999998,0.023
-0.0211495437,-0.019607844
-0.0415138575,-0.039215688
-0.035148133500000005,-0.032258064
0.042003613305800006,0.042
0.033705257,0.031632654
0.047498368,0.04040404
-0.019727236,-0.011516315
0.008362064999999998,0.018793274
0.0687858075,0.06990291
