error,base
0.008868912500000001,0.008064549
-0.0020416018,0.0
-0.0033301186999999998,-0.0020000082
-0.01063860715,-0.010019988
0.002117076686,0.0020242045
-0.0032359625000000004,-0.004040326
0.008100332200000001,0.010141934
-0.0033381509,-0.0020080404
0.0034055423499999996,0.0040241615
0.002096888586,0.0020040164
-0.0011956446999999999,-0.0020000082
-0.0060496348,-0.004008033
0.016778616500000003,0.018108727
0.00135767345,0.0019762926
-0.009769007814,-0.00986188
0.006780389499999999,0.005976026
0.0038990166999999997,0.0059406185
0.002606821,0.0039369315
0.00722454985,0.007843169
0.003983938786,0.0038910666
0.0027423559,0.0019379924
-0.0097785778,-0.007736976
0.0006192153000000001,0.0019493258
0.00132691415,0.0019455333
0.002034627686,0.0019417555
-0.0011336289000000001,-0.0019379924
-9.984629999999989e-05,0.0019417555
0.0044837755,0.005813886
0.00901533285,0.009633952
-0.0018155327139999999,-0.0019084049
-0.004931797999999999,-0.0057361615
-0.0039646868,-0.001923085
0.004450260500000001,0.005780371
-0.00445005275,-0.0038314336
9.2872186e-05,0.0
0.006573618099999999,0.0057692546
-0.0020416018,0.0
0.0082301585,0.009560269
0.00885102785,0.009469647
-0.007411760814,-0.007504633
0.0008043635,0.0
-0.0077127025,-0.0056711007
-0.0089347045,-0.007604594
-0.00445005275,-0.0038314336
0.007785212186,0.00769234
0.0046211732,0.0038168097
-0.0058438988,-0.003802297
0.0005782944,0.0019084049
-0.00633292855,-0.0057143094
0.009671456185999999,0.009578584
-0.0010931775,-0.001897541
-0.0077450473,-0.0057034455
-0.007066272,-0.0057361615
-0.00254170415,-0.001923085
0.002019662486,0.0019267903
0.0027274485,0.001923085
-0.0058803894,-0.0038387876
-0.0706941965,-0.069364086
-0.01511143215,-0.014492813
-0.069234847814,-0.06932772
-0.0149969505,-0.015801314
0.0674771895,0.0688073
-0.0026306998500000003,-0.0020120807
-0.0274213715,-0.028225735
0.006257187200000001,0.008298789
-0.0013301105,0.0
0.007611769849999999,0.008230389
-0.016233629814,-0.016326502
0.0008043635,0.0
0.0187052742,0.020746876
-0.0196227725,-0.018292662
-0.01097062815,-0.010352009
0.002185029486,0.0020921573
0.0049796475,0.004175284
-0.0020416018,0.0
-0.0034091212,-0.0020790107
-0.0020416018,0.0
0.0049199152,0.0062500257
-0.00061861915,0.0
0.010444784185999999,0.010351912
0.0090011185,0.008196755
0.0060884177,0.0081300195
0.0289118555,0.030241966
-0.00453243755,-0.0039138184
-0.001871772314,-0.0019646445
0.0086783185,0.007873955
-8.846869999999977e-05,0.0019531331
-0.0052287621,-0.0038986516
0.01741419985,0.018032819
-0.004536757514,-0.0046296297
-0.0015212179,-0.0023255814
-0.0043726042,-0.0023310024
-0.006003007499999999,-0.004672897
-0.01000829065,-0.0093896715
9.2872186e-05,0.0
0.007913368,0.0071090045
-0.0091004253,-0.0070588235
-0.0060694472,-0.0047393367
-0.00061861915,0.0
-0.002288080314,-0.0023809525
0.0008043635,0.0
-0.0020416018,0.0
0.0034431594999999996,0.00477327
-0.00061861915,0.0
0.011969356185999999,0.011876484
-0.0038904722000000004,-0.0046948357
0.0026753792000000004,0.004716981
-0.0013301105,0.0
0.00642363425,0.0070422534
-0.004569132614,-0.0046620048
-0.0015375568,-0.0023419203
-0.0043890197,-0.0023474179
-0.0036830515,-0.002352941
-0.00061861915,0.0
0.004809853186,0.004716981
0.0008043635,0.0
-0.0020416018,0.0
0.0033647252000000003,0.0046948357
0.02040941885,0.021028038
0.018399507186000003,0.018306635
0.0008043635,0.0
0.0069471622,0.008988764
0.0031242325000000004,0.004454343
0.0060332658499999995,0.006651885
9.2872186e-05,0.0
-0.0102088515,-0.011013215
-0.0020416018,0.0
-0.0013301105,0.0
0.008290066850000001,0.008908686
0.008922894185999999,0.008830022
0.0029925473,0.0021881838
0.0023252105,0.0043668123
0.0073655414999999995,0.008695652
0.01662276085,0.01724138
0.010686093185999999,0.010593221
-0.0453172305,-0.046121594
0.008947409199999999,0.010989011
-0.0013301105,0.0
-0.00061861915,0.0
0.013136350186,0.013043478
0.0072421315,0.006437768
0.0299413412,0.031982943
0.0069343515,0.008264462
-0.0067661601500000005,-0.006147541
0.006278439186,0.006185567
-0.005343177500000001,-0.006147541
0.0082676762,0.010309278
0.06805764950000001,0.06938776
0.01274015885,0.013358778
0.018925263186,0.018832391
0.0525603695,0.051756006
-0.0178588248,-0.015817223
0.0504556045,0.051785715
-0.05494799215,-0.054329373
-0.059153087814,-0.05924596
0.044697493500000005,0.04389313
0.008927320200000002,0.010968922
-0.0049467471,-0.0036166366
0.00845579085,0.00907441
-0.010698494814,-0.010791367
0.0062589089,0.0054545454
-0.01870180215,-0.018083183
-0.022006575814,-0.022099448
0.0008043635,0.0
-0.0020416018,0.0
-0.0145127855,-0.013182675
0.00319817485,0.003816794
0.003895153486,0.0038022813
0.0008043635,0.0
-0.0115112988,-0.009469697
-0.0242746615,-0.022944551
-0.00844640815,-0.007827789
-0.007796673814000001,-0.007889546
0.0087566495,0.007952286
0.0235994242,0.025641026
-0.0147916495,-0.013461539
-0.00061861915,0.0
-0.001856445614,-0.0019493178
-0.0031018865,-0.00390625
0.009723104199999999,0.011764706
-0.003268095,-0.0019379845
-0.00450211435,-0.0038834952
0.044927182186,0.04483431
-0.012255338499999999,-0.013059702
0.009300553199999999,0.011342155
0.006146525200000001,0.0074766357
-0.00061861915,0.0
-0.007328278114,-0.0074211503
-0.0160180665,-0.01682243
-0.0020416018,0.0
-0.0013301105,0.0
-0.02153116615,-0.020912547
-0.036800331814,-0.036893204
0.008868879500000001,0.008064516
0.0019583982,0.004
-0.007306206500000001,-0.005976096
0.0013853888499999998,0.002004008
9.2872186e-05,0.0
0.0168043635,0.016
-0.0020416018,0.0
-0.0131411345,-0.011811024
0.01531763585,0.015936255
-0.0018679122139999998,-0.0019607844
0.0224153645,0.021611001
-0.0174262168,-0.015384615
-0.0130488605,-0.01171875
-0.01642889615,-0.015810277
-0.003923191814,-0.004016064
0.0028204925,0.002016129
0.012042905199999999,0.014084507
-0.0052983645,-0.003968254
-0.00659471515,-0.005976096
0.008108904185999999,0.008016032
-0.001183708,-0.0019880715
-0.010009729799999999,-0.007968128
-0.0053461745,-0.004016064
-0.004650877150000001,-0.004032258
-0.003955710814,-0.004048583
-0.015455798500000001,-0.016260162
-0.0020416018,0.0
0.0048682364999999995,0.006198347
-0.00472539545,-0.0041067763
-0.010216405814,-0.010309278
-0.0012789699,-0.0020833334
0.0188352252,0.020876827
0.017074797500000002,0.018404908
-0.02270697215,-0.022088353
-0.006067292114,-0.0061601643
-0.0033278675,-0.004132231
-0.0020416018,0.0
-0.0075541770000000005,-0.0062240665
-0.01940776315,-0.018789144
0.002220531686,0.0021276595
0.019912643499999997,0.01910828
-0.0020416018,0.0
-0.007580110500000001,-0.00625
0.0014778168500000001,0.002096436
0.016829273186000002,0.016736401
-0.0033108624999999997,-0.004115226
0.0020906292,0.004132231
-0.0136757895,-0.012345679
-0.00478528615,-0.004166667
0.004276972486,0.0041841003
0.004971030499999999,0.004166667
-0.0061909797999999995,-0.004149378
-0.0013301105,0.0
-0.00061861915,0.0
0.0250417322,0.027083334
-0.005386905500000001,-0.004056795
-0.00061861915,0.0
0.038789412186,0.03869654
-0.0227250485,-0.023529412
-0.0120817618,-0.01004016
0.008811877499999999,0.010141988
-0.00262665115,-0.002008032
0.010153234685999999,0.0100603625
-0.0011876685,-0.001992032
-0.0100256338,-0.007984032
-0.0013301105,0.0
0.00742966985,0.008048289
-0.009887167814000002,-0.00998004
-0.0032278945000000004,-0.004032258
-0.0344302668,-0.032388665
-0.0055142108000000006,-0.0041841003
0.011986422850000001,0.012605042
-0.014429949814,-0.014522822
-0.0013008995,-0.002105263
-0.0062610108,-0.004219409
-0.0076860425,-0.006355932
-0.01980838515,-0.019189766
-0.002081040814,-0.002173913
0.0029830127,0.0021786492
0.0262192682,0.02826087
0.007126548999999999,0.0084566595
-0.00061861915,0.0
0.008478616186,0.008385744
-0.0012746385,-0.002079002
0.0167083982,0.01875
-0.0013301105,0.0
0.00347136035,0.0040899795
-0.024347045814,-0.024439918
-0.017984780500000002,-0.018789144
-0.014807558799999999,-0.012765957
0.0137560965,0.015086207
-0.01123433015,-0.010615711
-0.068576657814,-0.06866953
0.0676246435,0.06682028
0.00011822540000000015,0.0021598272
-0.0034852829,-0.0021551724
0.012340343850000001,0.012958963
9.2872186e-05,0.0
0.0135975405,0.012793177
-0.0020416018,0.0
-0.0076459002,-0.0063157897
-0.02604234715,-0.025423728
-0.021646257813999998,-0.02173913
0.0274710305,0.026666667
0.0282614292,0.030303031
-0.0097334725,-0.008403362
0.00785595685,0.008474576
-0.0020079682139999997,-0.0021008404
-0.0076166885,-0.008421052
0.008574109199999999,0.010615711
0.0420415385,0.041237175
-0.0032793068,-0.001237705
-0.0112433355,-0.009913225
-0.02189522715,-0.021276608
0.005207994686,0.0051151225
-0.006829222899999999,-0.0076335864
0.0030866362000000003,0.005128238
0.0037718618000000003,0.0051019723
0.00191951825,0.0025381374
0.010219419185999999,0.010126547
-0.0017018686000000002,-0.0025062321
-0.0095792885,-0.0075376867
0.0087964365,0.010126547
0.0018876129500000002,0.0025062321
-0.014907125814000001,-0.014999998
0.0071495568999999995,0.0063451934
-0.0033026189999999997,-0.0012610172
0.0037204265,0.005050537
0.01696928285,0.017587902
-0.003610879614,-0.0037037518
0.003282743,0.0024783795
-0.013166493800000002,-0.011124892
-0.0013301105,0.0
0.01563136085,0.01624998
-0.010977188814000002,-0.011070061
0.0082670485,0.007462685
0.0066003552000000005,0.008641957
-0.00010613659999999994,0.0012239739
-0.00061861915,0.0
0.004982879186,0.004890007
0.0044539498,0.0036495863
-0.0032537067999999997,-0.001212105
-0.0073980869,-0.0060679764
-0.00061861915,0.0
9.2872186e-05,0.0
-0.0028585915,-0.003662955
-0.0057181201,-0.0036765183
0.0023599745,0.003690085
0.00795979385,0.008578413
0.006168221186,0.006075349
0.0008043635,0.0
-0.014118925800000001,-0.012077324
-0.018444990499999998,-0.01711488
0.0043565368499999995,0.004975156
-0.001144832814,-0.001237705
-0.0078697205,-0.008674084
-0.0070415351,-0.0049999333
-0.0013301105,0.0
-0.00941267015,-0.008794051
-0.008779099814000001,-0.008871972
0.0161496295,0.015345266
-0.005819889,-0.0037782872
-0.012708160500000001,-0.01137805
-0.00061861915,0.0
-0.008858515814,-0.008951388
0.007255992100000001,0.0064516286
-0.0097339081,-0.0076923063
-0.0710975405,-0.06976743
-0.00061861915,0.0
-0.069351627814,-0.0694445
-0.030538914500000004,-0.031343278
0.06800731950000001,0.06933743
0.00618411855,0.0068027377
-0.0127091825,-0.013513546
-0.0157401578,-0.013698556
-0.005496830899999999,-0.0041667204
0.0021708540499999996,0.0027894732
-0.019378683814,-0.019471556
-0.0034508985,-0.004255262
0.0050808102,0.007122412
0.0014988178999999998,0.0028289284
-0.01331260715,-0.012693988
-0.012764211814,-0.012857084
0.0008043635,0.0
0.0066414642,0.008683066
0.0015392915,0.002869402
-0.0034721978999999997,-0.0014305961
0.014429217499999999,0.015759328
-0.010491659149999999,-0.00987304
0.004366319186,0.004273447
0.0164072165,0.015602853
0.0440478312,0.046089433
-0.0026653116000000003,-0.0013352011
-0.02200891915,-0.0213903
-0.010836158814000001,-0.010929031
0.0008043635,0.0
-0.0020416018,0.0
-0.006854898999999999,-0.0055247885
-0.00478533955,-0.0041667204
9.2872186e-05,0.0
0.013356718,0.0125523545
0.0034679662000000003,0.005509568
-0.0026999553,-0.0013698448
-0.01296424215,-0.012345623
-0.008240459814000001,-0.008333332
0.006406529499999999,0.005602166
-0.0062198188,-0.004178217
-0.008323134499999999,-0.006993024
-0.00766088975,-0.0070422706
9.2872186e-05,0.0
-0.0006140573,-0.0014184208
-0.0063030205,-0.0042614187
0.0058025748,0.0071326853
0.00646355115,0.0070821703
0.008531689185999999,0.008438817
0.002199045,0.0013946815
-0.0090052972,-0.0069636954
0.0028774065,0.004207517
0.0049680088499999995,0.005586628
-0.004073848214,-0.0041667204
0.0049885185000000005,0.004184155
-0.0062083222,-0.0041667204
-0.0055141549,-0.0041840444
0.010585822850000001,0.011204442
0.005633073586,0.0055402014
0.009068824500000001,0.008264461
-0.0075061174,-0.0054645156
-0.0040773265,-0.002747216
0.00626844985,0.006887069
0.017876708186,0.017783836
0.0088688775,0.008064514
0.0166250252,0.018666627
-2.1227399999999884e-05,0.0013088831
0.0006885529499999999,0.0013071721
0.009231338185999999,0.009138466
-0.0134259225,-0.014230286
0.0058324122,0.007874014
-0.0039343452,-0.0026042347
0.00068694955,0.0013055687
-0.006426048214,-0.0065189204
0.021801666499999997,0.020997303
-0.0071829215,-0.0051413197
0.0025458065,0.003875917
-0.00061861915,0.0
0.014249901185999999,0.014157029
-0.0499570825,-0.050761446
0.0166750422,0.018716644
-0.0078918061,-0.0065616956
-0.017791650149999998,-0.017173031
0.022942348186,0.022849476
0.0192011715,0.018396808
0.017313283199999998,0.019354885
0.0227204995,0.02405061
-0.01916007215,-0.018541453
0.012687361186,0.012594489
0.033142633500000004,0.03233827
-0.0056560114,-0.0036144096
0.018016859500000003,0.01934697
-0.02790204915,-0.02728343
-0.004785207814,-0.00487808
0.0020298373,0.0012254738
-0.0057135234,-0.0036719216
0.0379818875,0.039311998
0.02183999085,0.02245861
-0.051930195814,-0.052023068
0.0203164895,0.019512126
0.0218819032,0.023923505
-0.0083394545,-0.007009344
0.007616657849999999,0.008235277
0.015262048185999999,0.015169176
-0.0014944563,-0.0022988198
-0.03402876615,-0.033410147
-0.030896457813999998,-0.03098933
0.0008043635,0.0
-0.0008115086999999999,0.0012300931
-0.0025586923,-0.0012285818
0.00676145335,0.0073800725
0.030617979186,0.030525107
-0.0027501849,-0.0035545484
-0.0270118238,-0.024970222
-0.0062081905,-0.00487808
-0.025128386149999998,-0.024509767
0.030243619186,0.030150747
-0.0028542204,-0.0036585839
0.0065263112,0.008567913
-0.0086116625,-0.007281552
-0.009176059149999999,-0.00855744
-0.006072370814,-0.006165243
-0.006639804000000001,-0.0074441675
-0.0007916185,0.0012499833
-8.158899999999997e-05,0.0012485215
-0.00809991415,-0.007481295
0.023962196186,0.023869324
-0.005330620499999999,-0.006134984
-0.0032761532,-0.0012345514
0.007322529499999999,0.00865264
0.009185267850000001,0.009803887
-0.007188679814,-0.007281552
-0.0202092335,-0.021013597
-0.0083547328,-0.006313131
0.0088350735,0.010165184
-0.01822868315,-0.017610064
-0.065208027814,-0.0653009
0.0158728565,0.015068493
0.0020069811999999998,0.004048583
-0.009394626500000001,-0.008064516
-0.00061861915,0.0
-0.010747236814000001,-0.010840109
0.0172427195,0.016438356
0.0168263232,0.018867925
0.0013153921,0.0026455026
-0.013811231149999999,-0.013192612
-0.007928517814,-0.00802139
0.022367705499999998,0.021563342
0.017747317199999998,0.019788919
-0.0052110937,-0.0038809832
-0.02659264515,-0.025974026
-0.002573794414,-0.0026666666
0.016847143499999998,0.01604278
0.0045373456,0.0065789474
-2.292089999999993e-05,0.0013071896
0.0006868638500000001,0.001305483
0.001396653086,0.0013037809
0.0008043635,0.0
-0.0098541018,-0.0078125
-0.005267118499999999,-0.003937008
-0.00984128015,-0.009222661
0.0014226593860000001,0.0013297872
-0.016459913500000003,-0.017264277
0.0074178572,0.009459459
0.004024641799999999,0.0053547523
-0.012602640149999999,-0.011984021
-0.003950254314,-0.0040431265
-0.0019019963,-0.0027063598
0.0400208152,0.042062417
-0.006538443999999999,-0.0052083335
-0.011089823149999999,-0.010471204
-0.007843635814000001,-0.007936508
-0.0005289698000000001,-0.0013333333
0.0046339657,0.0066755675
-0.0039826303,-0.0026525198
-0.01657606615,-0.015957447
9.2872186e-05,0.0
0.0116151745,0.010810811
0.014001178199999999,0.01604278
-0.0013301105,0.0
-0.00851335615,-0.007894737
0.018660510186000002,0.018567638
-0.009612303499999999,-0.010416667
0.0084847142,0.010526316
0.009086556499999999,0.010416667
-0.00061861915,0.0
9.2872186e-05,0.0
0.016268281,0.0154639175
-0.014731956800000001,-0.012690355
-0.012898234,-0.0115681235
0.01108489185,0.011703511
0.0506576282,0.05269923
0.0499519415,0.051282052
0.06906779085,0.06968641
0.06958256218600001,0.06948969
0.0363373595,0.035532996
0.0665858522,0.068627454
-0.0710548805,-0.06972477
0.0072709268500000005,0.007889546
0.017705396186000002,0.017612524
0.023881287499999997,0.023076924
-0.0058010004,-0.0037593986
-0.0201980355,-0.018867925
-0.023695543149999998,-0.023076924
0.033557438186,0.033464566
0.0027091254,0.0019047619
-0.015349586799999999,-0.013307985
-0.0013301105,0.0
0.03791702785,0.038535647
0.020501035186,0.020408163
-0.0155592725,-0.016363636
-0.0223743178,-0.020332716
-0.0296319975,-0.028301887
-0.00256036675,-0.0019417476
-0.015471329814,-0.015564202
-0.0683655965,-0.06916996
0.027682388199999998,0.02972399
-0.020917739499999997,-0.019587629
-0.01428844015,-0.013669821
0.047001187186,0.046908315
-0.006323946,-0.0071283095
-0.0071698071,-0.0051282053
-0.0023610384,-0.0010309279
-0.01197052865,-0.0113519095
-0.056274557814,-0.05636743
-0.0357000615,-0.036504425
0.0450307302,0.047072332
-0.027645900499999997,-0.02631579
-0.019762763149999998,-0.019144144
-0.068793467814,-0.06888634
0.0316305035,0.03082614
-0.0044339462,-0.0023923444
-0.0241118845,-0.022781774
-0.0030726068500000004,-0.0024539877
-0.008517214314,-0.0086100865
0.004526448,0.0037220845
0.018971995199999998,0.021013597
-0.0170686085,-0.015738498
-0.02275884115,-0.022140222
-0.032611527814,-0.0327044
0.0177094345,0.016905071
0.008188577200000002,0.010230179
-0.016519983499999998,-0.015189873
0.02380297385,0.024421593
-0.009944768814,-0.010037641
-0.0004630636000000001,-0.0012674271
0.0195320012,0.021573603
0.007524716000000001,0.0067203525
0.0073042072,0.009345809
-0.0119121055,-0.010581995
0.00205511625,0.0026737354
0.005426312186,0.00533344
-0.0190896085,-0.019893972
-0.0074542748,-0.005412673
3.0402500000000074e-05,0.001360513
0.01025100785,0.010869627
0.002780982486,0.0026881103
0.0008043635,0.0
-0.0020416018,0.0
0.0201176565,0.021447767
-0.0032433809500000002,-0.0026247618
0.001408781986,0.0013159098
0.036283931500000005,0.035479568
-0.0033106081999999997,-0.0012690064
0.0024818186,0.0038119291
0.03229274085,0.03291136
-0.012162028814000001,-0.012254901
0.0107299785,0.009925615
-0.0069556341,-0.0049140323
0.007311878499999999,0.008641989
-0.00796260215,-0.007343983
-0.009771478814000001,-0.009864351
0.0045403391000000005,0.0037359756
0.0029212057000000003,0.0049628075
0.007311878499999999,0.008641989
0.01529316885,0.015911788
0.009731481185999999,0.009638609
-0.0003889948,-0.0011933583
-0.013989033799999998,-0.011947432
0.0022974452,0.0036275557
-0.00061861915,0.0
-0.005931155514,-0.0060240277
0.0092892255,0.008484862
-0.011656971799999999,-0.00961537
0.0095921775,0.010922288
0.01738858285,0.018007202
0.001272157886,0.0011792857
0.0043379187,0.0035335552
-0.0008679198,0.001173682
-0.0095364535,-0.008206343
-0.00061861915,0.0
0.007185111186,0.007092239
-0.0132801555,-0.014084519
-0.012755845799999999,-0.010714244
-0.0001267687,0.0012033418
0.0005832763500000001,0.0012018955
0.003694298886,0.0036014267
0.0127660855,0.011961722
-0.0150439388,-0.013002337
-0.004922910799999999,-0.0035928003
-0.00662830265,-0.0060096835
0.0025112656860000002,0.0024183935
0.0104545305,0.009650167
0.0003479663,0.0023895681
-0.0704600765,-0.069129966
-0.009581502149999999,-0.008962883
-0.069674517814,-0.06976739
-0.0603067735,-0.061111137
0.0681965295,0.06952664
-0.00322280055,-0.0026041814
-0.0135559195,-0.014360283
-0.0166111068,-0.014569505
1.3944700000000131e-05,0.0013440552
0.00475046185,0.005369081
-0.005247535814,-0.005340408
-0.0032225430999999996,-0.0040269066
0.0033492642000000003,0.005390866
0.0013508699,0.0026809804
-0.00730318715,-0.006684568
-0.007982389814,-0.008075262
0.0103023435,0.00949798
0.0019906402,0.004032242
0.0053633295,0.00669344
-0.0060310238,-0.003989422
0.0013401316999999999,0.0026702422
-0.0032817500499999997,-0.0026631309
0.010773764686,0.0106808925
0.0417555295,0.040951166
0.0030344965,0.0050760983
0.0024577537,0.0037878642
-0.01948647115,-0.018867852
0.002656989186,0.002564117
0.0110345265,0.010230163
-0.0033073955999999996,-0.0012657938
-0.0165393215,-0.015209211
-0.00190559095,-0.0012869718
0.011690765185999999,0.011597893
0.009721575500000001,0.008917212
-0.0033041992,-0.0012625974
-0.0177649885,-0.016434878
-0.01604279715,-0.015424178
0.002703852986,0.0026109808
0.0047105984,0.0039062349
-0.003338589,-0.0012969872
-3.1439000000000076e-05,0.0012986715
-0.00969775115,-0.009079132
-0.005142759814,-0.005235632
-0.0031429900000000005,-0.0039473535
0.0019213952000000003,0.003962997
0.0118278595,0.01315797
0.03574500085,0.03636362
0.010117920185999999,0.010025048
0.0020451008,0.0012407373
-0.0069982593,-0.0049566575
0.0123685615,0.013698672
0.01412333785,0.014741957
0.001303498186,0.001210626
0.005641219499999999,0.004836856
0.0015684236,0.0036100254
0.0034660794999999997,0.00479619
0.0005747391499999999,0.0011933583
-0.001099063714,-0.0011919359
0.0008043635,0.0
-0.0020416018,0.0
0.012989711499999999,0.014319822
0.00408722255,0.0047058417
0.039905545186,0.039812673
0.0008043635,0.0
0.0114719242,0.013513526
-0.0013301105,0.0
-0.00950749515,-0.008888876
-0.0066336233139999996,-0.0067264955
-0.0025816281,-0.0033859916
0.0160784172,0.018120019
-0.00021772529999999988,0.0011123852
0.0004925300499999999,0.0011111492
0.003422429586,0.0033295574
0.0096539715,0.008849608
-0.0009451357,0.0010964661
-0.0002348452999999999,0.0010952652
-0.0028067529499999997,-0.0021881338
9.2872186e-05,0.0
-0.038669356499999995,-0.03947372
0.0527529032,0.054794505
-0.0078235925,-0.006493482
-0.03547701915,-0.0348584
0.030566924186000002,0.030474052
0.019424308499999998,0.018619945
0.0194638342,0.021505436
0.006038321900000001,0.0073684324
-0.00375346285,-0.0031348437
-0.0040999635139999996,-0.0041928357
0.0113305575,0.010526194
0.0312918042,0.033333406
0.010766732499999999,0.012096843
-0.02452313415,-0.023904515
-0.010111092814000001,-0.010203965
0.023484726499999997,0.022680363
0.018119688199999998,0.02016129
0.0223853255,0.023715436
-0.01799306915,-0.01737445
-0.035270783814,-0.035363656
0.0435742915,0.042769928
-0.0039946821,-0.0019530803
0.008454624499999999,0.009784735
-0.00643255015,-0.005813931
-0.013552373814,-0.013645246
0.0087095465,0.007905183
-0.014344130149999999,-0.013725511
-0.015811675814,-0.015904548
0.002824519,0.0020201555
0.0161034882,0.01814509
0.0006501553,0.0019802658
-0.00457121085,-0.0039525917
0.023902417186000002,0.023809545
0.0182461555,0.017441792
-0.0229939378,-0.020952336
-0.0052211832,-0.0038910727
-0.00061861915,0.0
-0.037016435814,-0.037109308
0.0150031685,0.014198805
0.0079582822,0.009999884
-0.0052904159,-0.0039603054
0.007333597849999999,0.007952217
0.006010121886,0.0059172497
-0.003117339,-0.0039217025
0.0117379492,0.013779551
-0.0013301105,0.0
-0.014210874149999999,-0.013592255
0.031589002186,0.03149613
-0.0144627895,-0.015267153
0.0231521732,0.025193775
0.038367387499999996,0.039697498
0.0030178693499999997,0.0036364885
0.014585499185999998,0.014492627
-0.016343430500000002,-0.017147794
0.0053112914,0.0073528932
-0.019578270499999998,-0.01824816
-0.03035841215,-0.029739793
-0.063125542814,-0.063218415
0.022276789499999998,0.021472426
0.008969394200000001,0.011010996
-0.0171717045,-0.015841594
0.0013934401500000002,0.0020120593
-0.024003471813999998,-0.024096344
0.0090347625,0.008230399
0.011223792199999999,0.013265394
-0.0103935515,-0.009063441
-0.00468374815,-0.004065129
-0.010111142814000001,-0.010204015
0.0307012505,0.029896887
0.024985418199999998,0.02702702
-0.0052287206,-0.0038986101
-0.04171457215,-0.041095953
-0.020315273813999998,-0.020408146
0.011221080500000001,0.010416717
0.012391410200000001,0.014433012
-0.0084439425,-0.007113832
-0.00675994315,-0.006141324
0.006272145186,0.006179273
0.0120633035,0.01125894
-0.0030537981,-0.0010121963
-0.006395991199999999,-0.0050658807
-0.00061861915,0.0
-0.0060170682139999996,-0.0061099404
-0.0125152795,-0.013319643
0.0135346802,0.015576282
-0.0023525409999999997,-0.0010224305
0.00245192735,0.0030705465
-0.012151946814000001,-0.012244819
0.0142340865,0.013429723
0.0581011202,0.060142722
-0.0013301105,0.0
-0.01023405015,-0.009615431
-0.007674067814,-0.00776694
-0.0187650915,-0.019569455
0.0059423782,0.00798398
-0.0092508515,-0.007920741
-0.01259470215,-0.011976083
0.004133249886,0.0040403777
0.0269613635,0.026157
-0.0179224218,-0.01588082
-0.0114165655,-0.010086455
0.00229258905,0.0029112082
0.020412175186,0.020319303
-0.0034630617999999998,-0.0042674253
0.006529826200000001,0.008571428
-0.0098286945,-0.008498584
0.00509566655,0.0057142857
0.002933781386,0.0028409092
0.0107193775,0.009915014
0.0007634472000000001,0.002805049
-0.0083231175,-0.006993007
0.01909969085,0.01971831
0.0324887842,0.034530386
0.0186965915,0.020026702
0.06613530485,0.066753924
0.018497780186000002,0.018404908
-0.0040149135,-0.004819277
0.0015903595000000001,0.0036319613
-0.0363120165,-0.034981906
-0.01061861915,-0.01
0.010193882186,0.01010101
-0.0079456365,-0.00875
0.011829773200000001,0.013871375
-0.0087927969,-0.0074626864
-0.02317500915,-0.02255639
-0.020419948814,-0.020512821
0.002113264,0.0013089005
0.0018799671999999998,0.003921569
-0.0039342772,-0.0026041667
0.01113072885,0.011749348
0.015576743185999999,0.015483871
0.0096989005,0.008894537
-0.0045604934,-0.0025188916
-0.0265826355,-0.025252525
-0.03170670115,-0.031088082
-0.007928517814,-0.00802139
0.0008043635,0.0
0.0195217402,0.021563342
0.0013084120000000001,0.0026385225
0.015170853849999999,0.015789473
0.002683545686,0.0025906735
-0.0121155325,-0.012919896
0.0058118012,0.007853403
-0.0013301105,0.0
-0.00711212565,-0.0064935065
-0.036508437814,-0.03660131
-0.024975826500000003,-0.02578019
0.0118859752,0.013927577
-0.0068246161,-0.0054945056
-0.01581198915,-0.01519337
-0.068630827814,-0.0687237
0.056527255500000005,0.055722892
-0.0006150681999999999,0.0014265336
-0.0241221335,-0.022792023
-0.00936497515,-0.008746356
0.004504637186,0.004411765
0.0081250078,0.0073206443
0.015400259199999999,0.017441861
-0.0113301105,-0.01
-0.03092165015,-0.030303031
-0.032645224814,-0.032738097
0.0331120555,0.032307692
0.0128615282,0.01490313
-0.0086722545,-0.007342144
0.02896718085,0.0295858
-0.021458852814,-0.021551725
0.0169570805,0.016152717
0.0022936581999999997,0.00433526
0.0211937265,0.020389363
-0.0043510822,-0.0023094804
-0.0059597635,-0.004629653
-0.01689764915,-0.01627903
0.016641295186,0.016548423
-0.008498009499999999,-0.009302373
0.00030582820000000024,0.00234743
0.0010118218999999999,0.0023419324
0.0040543021499999995,0.0046729213
0.016371964186,0.016279092
0.0008043635,0.0
-0.0043298833,-0.0022882815
0.0170183655,0.018348476
0.00839043685,0.009009056
-0.015532091814,-0.015624964
0.0189449275,0.018140564
0.00018558120000000027,0.002227183
0.0031143564999999997,0.004444467
0.00601846685,0.006637086
0.006686312886,0.0065934407
0.0051711981,0.0043668346
-0.015085146800000001,-0.013043545
0.007480507499999999,0.008810618
-0.00280203645,-0.0021834173
-0.008659793814,-0.008752666
0.0030117649,0.0022074014
0.0045663619,0.0066079637
-0.0013301105,0.0
0.00156957585,0.002188195
0.004459706786,0.0043668346
0.0181957565,0.017391393
-0.0105886538,-0.008547052
-0.0013301105,0.0
-0.00923935215,-0.008620733
0.004440720386,0.0043478482
0.0137914425,0.012987079
0.0043684638,0.0064100656
0.0220245765,0.023354687
0.01597886785,0.016597487
9.2872186e-05,0.0
0.0130493235,0.01224496
-0.0101061588,-0.008064557
-0.0135251885,-0.012195078
-0.00061861915,0.0
9.2872186e-05,0.0
-0.0156566255,-0.016460989
-0.0041336627,-0.0020920609
0.0154414645,0.016771575
0.0014432468499999999,0.002061866
0.004208011786,0.0041151396
-0.007392293499999999,-0.008196657
-0.0103061058,-0.008264504
-0.0054967985,-0.004166688
-0.00061861915,0.0
0.008461115185999998,0.008368243
0.0215512485,0.020746885
-0.012204254800000001,-0.010162653
-0.0711452405,-0.06981513
-0.00944868615,-0.008830067
-0.068949447814,-0.06904232
-0.0111573575,-0.011961721
0.06646652950000001,0.06779664
-0.00061861915,0.0
-0.0183854965,-0.01918986
-0.00638945,-0.0043478482
0.0030367241000000002,0.0043668346
0.01025100085,0.01086962
-0.012810418814000002,-0.012903291
0.007340344800000001,0.0065359813
0.010945477200000001,0.012987079
-0.0077403991,-0.0064102886
0.01228444685,0.012903066
0.0064623321860000004,0.00636946
-0.005524783199999999,-0.0063291467
-0.0020416018,0.0
-0.0013301105,0.0
-0.0147802998,-0.012738698
0.011572955499999999,0.012903066
-0.00274155075,-0.0021229316
0.012858671185999999,0.012765799
0.030216169499999997,0.029411806
-0.0020416018,0.0
0.0211188785,0.022448989
-0.016586660149999998,-0.015968041
-0.001935535614,-0.0020284078
0.010967016500000001,0.010162653
0.006006623200000001,0.008048225
-0.017298151499999997,-0.015968041
-0.00061861915,0.0
0.006178095686,0.0060852235
-0.0012117757000000002,-0.0020161392
-0.0081022384,-0.0060606366
-0.005395172,-0.0040650615
-0.00674109915,-0.00612248
0.010359865186,0.010266993
0.004869425,0.0040650615
-0.0081145072,-0.0060729054
-0.0074401212,-0.0061100107
-0.01086446665,-0.0102458475
0.004233680186,0.004140808
-0.0012575025,-0.002061866
2.452420000000023e-05,0.002066126
0.0172265775,0.018556688
0.00545428625,0.0060729054
0.010153180186,0.010060308
-0.0031797204999999998,-0.003984084
-4.159149999999985e-05,0.0020000103
0.0006659077000000001,0.0019960182
0.027269864850000002,0.027888484
0.003968860686,0.0038759885
0.0008043635,0.0
-0.013624671800000002,-0.01158307
0.0103886995,0.01171881
-0.00834066585,-0.0077220467
0.003983942586,0.0038910704
0.0085562395,0.007751876
-0.00011851500000000003,0.0019230868
-0.0051688015,-0.003838691
0.00130807225,0.0019266914
0.015477466185999999,0.015384594
0.0008043635,0.0
0.0055341947,0.0075757965
-0.006969237,-0.0056391265
0.008833225850000001,0.009451845
0.003838209686,0.0037453375
-0.006658361099999999,-0.0074627246
0.0017178159,0.0037594177
0.0005425582000000001,0.0018726687
0.01620379885,0.016822418
-0.009098350814000001,-0.009191223
0.008225552,0.0074211885
0.0071665482,0.00920815
0.0351662345,0.036496345
0.00114195315,0.0017605723
0.010637649186,0.010544777
-0.0652826565,-0.06608702
0.0184426742,0.020484276
0.0004947161999999999,0.0018248267
-0.011547635149999999,-0.010929016
0.024033869186,0.023940997
0.0691497635,0.0683454
0.028261407199999998,0.030303009
0.0035718754999999997,0.004901986
-0.00712271715,-0.006504098
0.041009356186000004,0.040916484
0.0196723855,0.018868022
0.0620753582,0.06411696
0.0684373345,0.069767445
-0.01654782215,-0.015929203
0.0151928535,0.01438849
-0.0162259988,-0.014184397
0.0130583795,0.01438849
-0.04671790915,-0.04609929
-0.025929433813999998,-0.026022306
0.0523310815,0.051526718
-0.0074862478,-0.005444646
-0.0086293805,-0.00729927
0.01960196985,0.020220589
0.025318098186,0.025225226
-0.0062255135,-0.007029877
-0.03070711415,-0.030088495
-0.025454572813999998,-0.025547445
-0.0010682957,-0.0018726592
0.0092154342,0.011257036
-0.0106065485,-0.009276438
-0.0043639375499999996,-0.0037453184
0.009491368185999998,0.009398496
0.0250129295,0.024208566
-0.0202234198,-0.018181818
-0.0087375178,-0.0074074073
-0.0062156341500000005,-0.005597015
-0.018668853814,-0.018761726
0.008452547,0.0076481835
0.015036196200000001,0.017077798
-0.0106584685,-0.009328358
-0.01191805415,-0.011299435
-0.003716651614,-0.0038095238
0.0027164093999999996,0.0019120459
0.0055919862,0.007633588
0.0138214055,0.015151516
-0.00994697715,-0.009328358
0.030224698186,0.030131826
-0.017477172500000002,-0.018281536
-0.0020416018,0.0
0.0172918635,0.018621974
0.00303768805,0.0036563072
-0.003550115014,-0.0036429872
-0.0101645585,-0.010968922
0.0053521136,0.0073937154
-0.0031649729,-0.0018348624
-0.00429508975,-0.0036764706
-0.06817281181399999,-0.068265684
0.0027845615,0.001980198
0.0038872517000000002,0.0059288535
-0.0111532935,-0.009823183
-0.03236465315,-0.031746034
-0.024497291814,-0.024590164
0.0092077255,0.008403362
0.0125417312,0.014583333
-0.0177572155,-0.016427105
-0.015232397149999998,-0.014613778
-0.021093568814,-0.021186441
0.039765401500000006,0.038961038
-0.0062082688,-0.004166667
-0.0096983115,-0.008368201
-0.01749625515,-0.016877636
-0.008490818814,-0.008583691
0.0051333678,0.0043290043
0.0195101232,0.021551725
-0.009768928500000001,-0.008438818
-0.00061861915,0.0
0.012858829185999999,0.012765957
-0.0033973174999999997,-0.004201681
-0.010480419800000002,-0.008438818
-0.007713088999999999,-0.0063829785
-0.0070426021500000005,-0.006423983
-0.002062300214,-0.0021551724
-0.0121545995,-0.012958963
0.015463868199999998,0.01750547
0.0094225775,0.010752688
-0.011256917149999998,-0.010638298
-0.002057665514,-0.0021505377
0.0158905705,0.015086207
0.0404212422,0.042462844
0.045513069499999996,0.04684318
-0.022019397149999998,-0.021400778
0.006057087186,0.005964215
-0.022911050500000002,-0.023715414
0.0161770212,0.018218623
-0.0132585405,-0.01192843
-0.03482384915,-0.03420523
-0.010323794814,-0.010416667
0.030278048499999998,0.029473685
-0.0040865915,-0.0020449897
0.008915791,0.0102459015
0.00140977835,0.0020283975
0.022360078186000002,0.022267206
-0.005136230699999999,-0.0059405942
0.0059265262,0.007968128
-0.0131878175,-0.011857707
-0.00661861915,-0.006
9.2872186e-05,0.0
0.006840580799999999,0.0060362173
0.0099583982,0.012
0.0006461741999999999,0.0019762847
0.05066343285,0.051282052
-0.0001654292,0.0018761726
-0.0050754289,-0.0037453184
0.02569717085,0.02631579
0.033059907186,0.032967035
-0.022245281500000002,-0.023049645
-0.0165606578,-0.014519056
0.0023531308,0.0036832413
-0.00795806875,-0.0073394496
0.016728732186,0.01663586
-0.0028320002,-0.0036363637
-0.0166401418,-0.01459854
-0.0031819622999999997,-0.0018518518
-0.00061861915,0.0
-0.031447014814,-0.031539887
0.016130033499999998,0.01532567
-0.0001548093,0.0018867925
0.004319607,0.0056497175
0.01810797185,0.018726591
0.003769342786,0.0036764706
0.0154563785,0.014652015
0.0015685065,0.0036101083
-0.0283085265,-0.026978416
0.01047195385,0.011090573
0.009233640186,0.009140768
0.0098623345,0.009057971
0.0392510362,0.041292638
-0.0237439045,-0.022413794
-0.00238228755,-0.0017636684
0.001859656686,0.0017667845
-0.0027229733,-0.0035273368
0.0156575132,0.017699115
0.00040901999999999996,0.0017391305
-0.011035286149999999,-0.010416667
-0.029731687814,-0.02982456
-0.020895456500000003,-0.02169982
-0.005738459499999999,-0.0036968577
0.0023804647,0.0037105752
-0.01355762015,-0.012939001
-0.069195517814,-0.06928839
0.06921482350000001,0.06841046
0.0073745942,0.009416196
-0.021852498499999998,-0.020522388
-0.00442814295,-0.0038095238
-0.0018191737139999998,-0.0019120459
0.0103829075,0.009578544
-0.003939135,-0.0018975332
0.0024721708,0.0038022813
-0.01766407415,-0.017045455
-0.036515991814,-0.036608864
0.0248043635,0.024
0.0135833982,0.015625
-0.0090224182,-0.0076923077
0.01294727185,0.013565891
-0.015203494814,-0.015296367
0.0279888295,0.027184466
-0.0001512426,0.0018903592
0.0029229773,0.0021186138
0.010643377200000002,0.012684979
-0.0013301105,0.0
-0.02358313615,-0.022964517
0.017186903186,0.017094031
-0.007598962499999999,-0.008403326
0.0021956258,0.0042372276
0.004999082700000001,0.0063291932
0.02244209985,0.023060719
9.2872186e-05,0.0
-0.007392323499999999,-0.008196687
-0.0020416018,0.0
0.0151988275,0.016528938
0.00547893645,0.0060975556
-0.020109183814,-0.020202056
0.0172992225,0.016494859
-1.3151700000000113e-05,0.0020284501
0.0189127595,0.02024287
0.02120678585,0.021825405
9.2872186e-05,0.0
0.006629600899999999,0.0058252374
-0.0097635768,-0.007721975
0.0083974555,0.009727566
0.0013082129500000001,0.0019268321
-0.011445579814,-0.011538452
0.006640934100000001,0.0058365706
0.0076295951999999995,0.009671197
0.0159112535,0.017241364
-0.00250190695,-0.0018832878
9.2872186e-05,0.0
-0.0029691677000000002,-0.0037735312
-0.0058295024,-0.0037879006
-0.003231224,-0.0019011135
-0.00633289965,-0.0057142805
9.2872186e-05,0.0
0.0544442115,0.053639848
-0.0093143708,-0.007272769
0.0133219155,0.014652026
0.0011864092500000001,0.0018050284
0.001894720586,0.0018018484
0.0079985775,0.007194214
-0.0073987401,-0.0053571383
-0.0210787705,-0.01974866
-0.00061861915,0.0
0.005587372686,0.0054945005
-0.0010171042,-0.0018214677
-0.0075160495,-0.0054744477
0.0060093079,0.0073394184
-0.00426162755,-0.0036430084
0.023858896186,0.023766024
-0.0027670858,-0.0035714493
0.0015426485,0.0035842503
-0.0102586985,-0.008928588
-0.00782579575,-0.0072071766
-0.001721984014,-0.0018148562
0.017167983499999998,0.01636362
-0.0038305568,-0.001788955
-0.0712226005,-0.06989249
-0.01025247015,-0.009633851
-0.068000557814,-0.06809343
-0.013809374499999999,-0.014613738
0.0685851595,0.06991527
-0.0024982916499999997,-0.0018796725
-0.0199112735,-0.020715637
-0.009733954199999999,-0.0076923524
0.0064218725,0.007751983
-0.00061861915,0.0
-0.009522529814000001,-0.009615402
-0.022496586500000002,-0.02330095
0.0357317782,0.03777338
-0.0147401105,-0.01341
0.00714833825,0.0077669574
0.002019704286,0.0019268321
0.0123428155,0.011538452
0.0055629287,0.0076045305
0.011877476,0.0132075865
0.0035449856,0.0055865874
0.013484716499999999,0.014814827
0.006680620149999999,0.0072992393
0.065310278186,0.065217406
0.0008043635,0.0
0.013264507200000001,0.015306109
0.0003449747000000001,0.0016750852
-0.01566883915,-0.01505022
0.001790708986,0.0016978368
0.0499568835,0.04915252
-0.0036570876999999996,-0.0016154859
-0.0142751045,-0.012944994
-0.01209406215,-0.011475443
0.006726410186,0.006633538
0.0090416095,0.008237246
-0.0053095946,-0.0032679928
0.0085059465,0.009836057
-0.01198228815,-0.011363669
0.013229171186,0.013136299
0.0251155915,0.024311228
-0.0099530078,-0.007911406
-0.0093046065,-0.007974496
-0.02634211215,-0.025723493
-0.018058883814,-0.018151756
0.0108883885,0.010084025
-0.0003777321,0.0016638697
0.0269090895,0.0282392
0.00745893985,0.008077559
0.035349295186,0.035256423
0.0039002946,0.0030959311
0.0103040872,0.012345689
0.0352552835,0.036585394
-0.00061861915,0.0
-0.005789514814,-0.005882387
0.0067215578,0.0059171943
-0.0079239888,-0.005882387
0.006066411900000001,0.0073965224
-0.0035555523500000004,-0.0029369332
0.007456715186,0.007363843
0.006652232899999999,0.0058478694
0.0154002442,0.017441846
-0.0056158215,-0.004285711
0.0022508955499999997,0.0028695147
0.010107092186,0.01001422
0.0008043635,0.0
-0.0133729988,-0.011331397
-0.0041953991,-0.0028652886
0.0036917218499999994,0.004310341
0.004384713986,0.0042918418
-0.0077426375,-0.008547001
0.010889421199999999,0.012931023
-0.0041670631999999996,-0.0028369527
0.03067584585,0.031294465
-0.021976000814,-0.022068873
-0.0020165837,-0.0028209472
-0.0119426218,-0.00990102
9.84979e-05,0.0014286084
0.0036609775499999997,0.0042795967
0.011456575185999998,0.011363703
-0.046948436499999996,-0.0477528
0.0156574962,0.017699098
-0.0158228895,-0.014492779
0.0023225152499999997,0.0029411344
0.036749770186,0.036656898
0.047480533500000005,0.04667617
0.030390801199999998,0.032432403
0.0039054165000000003,0.005235527
-0.01494148865,-0.0143228695
-0.002549098114,-0.0026419703
-0.0005201739,-0.0013245374
-0.0073466722,-0.0053050704
0.022669869500000002,0.02399998
-0.02145186515,-0.020833246
0.009401303186,0.009308431
0.0337424485,0.032938085
0.031121703199999996,0.033163305
0.0245957925,0.025925903
-0.06199040915,-0.06137179
-0.037086649814,-0.037179522
0.0487404035,0.04793604
-0.0122067438,-0.010165142
0.0153579695,0.01668808
-0.00061861915,0.0
9.2872186e-05,0.0
0.0008043635,0.0
-0.00314393685,-0.0025253177
-0.037881779814,-0.037974652
0.0139622815,0.013157918
0.0109454342,0.012987036
-0.0090224112,-0.0076923007
-0.0032026651499999998,-0.002584046
0.010455627185999999,0.010362755
0.0097786455,0.008974282
-0.018559944800000002,-0.016518343
0.0012538318999999998,0.0025839424
-0.010927957149999999,-0.010309338
-0.023344607814,-0.02343748
0.0008043635,0.0
0.0326251082,0.03466671
0.0012471722,0.0025772827
-0.00575993415,-0.005141315
0.001384791586,0.0012919194
0.0034533702,0.0026490067
0.016452453199999998,0.018494055
0.006451990499999999,0.007782101
-0.013488632149999999,-0.012870013
0.027472273186000002,0.027379401
-0.009347920499999999,-0.010152284
-0.0122980128,-0.010256411
0.007737246999999999,0.0090673575
0.009650957850000001,0.010269577
0.049648144186,0.049555272
-0.0113021745,-0.012106538
-0.0020416018,0.0
0.0096993015,0.011029412
-0.01516407415,-0.014545455
-0.068787817814,-0.06888069
-0.0044796525,-0.005284016
0.0072545472,0.009296149
-0.0210669515,-0.019736841
-0.03149110215,-0.030872483
-0.028993000814,-0.029085873
0.0279085005,0.027104137
0.009069509199999999,0.011111111
-0.0205608805,-0.01923077
-0.017425343149999998,-0.016806724
-0.042642171814,-0.042735044
0.0424710315,0.041666668
-0.0277558878,-0.025714286
-0.0159928675,-0.014662757
-0.018475763149999998,-0.017857144
0.012214084185999998,0.012121212
0.0082893933,0.0074850298
0.0380772682,0.04011887
0.0015270322999999999,0.0028571428
-0.00061861915,0.0
0.001517373586,0.0014245014
0.0064942639,0.0056899004
-0.0176003008,-0.015558699
-0.0070772369000000005,-0.0057471264
-0.01073422615,-0.010115607
-0.008666251814000001,-0.008759124
-0.0139231765,-0.01472754
0.009916544700000002,0.0119581465
-0.0042843202,-0.0029542097
-0.00061861915,0.0
-0.016203422813999998,-0.016296295
0.0309248465,0.030120483
0.0184262342,0.020467836
0.0129965375,0.014326648
-0.02039262915,-0.01977401
-0.014316349814,-0.014409222
-0.010891543,-0.0116959065
-0.0050001818,-0.00295858
-0.010232188500000001,-0.008902078
-0.04253478915,-0.04191617
9.2872186e-05,0.0
0.0320543635,0.03125
-0.0141628138,-0.012121212
0.010939827499999999,0.012269938
0.01756319885,0.018181818
0.047711922186000004,0.04761905
-0.010559273499999999,-0.011363637
0.0022687432,0.004310345
-0.028511799499999997,-0.027181689
-0.00355979565,-0.0029411765
0.004517650886,0.0044247787
0.0096149355,0.008810572
0.013970042199999998,0.016011644
0.00010255430000000003,0.0014326648
0.02942429885,0.030042918
0.009069509199999999,0.011111111
-0.0123191215,-0.010989011
0.01743693685,0.018055556
0.036927797186,0.036834925
-0.0163008995,-0.017105263
-0.0247992998,-0.022757698
-0.025987644499999997,-0.024657534
0.00499935845,0.0056179776
0.014059352185999999,0.01396648
-0.0088375105,-0.009641874
-0.0062140634,-0.0041724616
0.004256481499999999,0.005586592
0.01327026985,0.013888889
-0.023194797814,-0.02328767
-0.0188309805,-0.019635344
-0.0149171378,-0.012875536
0.0102640925,0.011594203
0.028034676850000002,0.028653296
-0.024976764813999998,-0.025069637
-0.0077670645,-0.008571428
-0.0063643688,-0.004322767
0.0073529575,0.008683068
-0.00779222015,-0.007173601
0.004428132186,0.00433526
-0.0035121834999999996,-0.004316547
0.0181896112,0.020231213
0.0029191815,0.004249292
-0.00061861915,0.0
0.011376370185999999,0.011283498
-0.0005903366000000001,-0.0013947001
0.0035449901999999997,0.005586592
0.0111698895,0.0125
-0.00610558755,-0.0054869684
-0.044045059814,-0.044137932
-0.029498667500000002,-0.030303031
-0.0347796988,-0.032738097
-0.0105608795,-0.009230769
-0.02391054415,-0.023291925
-0.069859427814,-0.0699523
0.0367018005,0.035897437
0.0243610392,0.026402641
-0.0366998865,-0.035369776
-0.00061861915,0.0
0.006759539186,0.006666667
0.0041156218,0.0033112583
-0.0020416018,0.0
-0.0095809355,-0.008250825
-0.00727419315,-0.006655574
-0.031732923814,-0.031825796
0.0336763365,0.032871973
0.029784194200000003,0.031825796
-0.0224340065,-0.021103896
0.01596512885,0.016583748
-0.004801091814,-0.004893964
0.0073617405,0.006557377
0.0012157271000000002,0.0032573289
-0.0056542595,-0.006458623
-0.0009581564999999999,0.0010834453
-0.0067413465,-0.005411236
-0.00605929615,-0.005440677
0.005563312186,0.00547044
-0.0013718945,-0.002176258
-0.0053131406,-0.0032715388
0.012893046,0.0142231565
-0.00277609615,-0.002157477
-0.008555757814,-0.00864863
-0.0024671753,-0.0032715388
-0.0042298292,-0.0021882274
0.0129243025,0.014254413
0.00046248345,0.0010811026
-0.010706288814,-0.010799161
0.0051711985,0.004366835
0.0044801396,0.0065217414
0.0019096315,0.003239742
0.00045782864999999997,0.0010764478
-0.008509259814000001,-0.008602132
-0.0024494974,-0.0032538609
-0.0063941818,-0.00435258
-0.00023719249999999996,0.001092918
-0.00061861915,0.0
9.2872186e-05,0.0
0.0008043635,0.0
-0.000949877,0.0010917248
-0.0013301105,0.0
0.01464854085,0.01526716
0.004389287186,0.004296415
-0.0088212455,-0.009625609
-0.0052814071,-0.0032398053
0.017088139500000002,0.01841825
-0.00806538875,-0.0074467696
9.2872186e-05,0.0
-0.0024110717,-0.0032154352
-0.0020416018,0.0
0.0040461512000000005,0.0053762617
0.01649370885,0.017112328
0.017968840186,0.017875968
0.0008043635,0.0
0.0280874622,0.030129064
-0.019321060499999997,-0.01799095
0.00701494085,0.00763356
0.019789877186,0.019697005
-0.006625029500000001,-0.007429393
-0.0065326502,-0.0044910484
0.0031811985,0.004511309
-0.01259472915,-0.01197611
0.007668661686,0.0075757895
-0.0037069455,-0.004511309
-0.008083899799999999,-0.006042298
-0.0058893525,-0.004559242
-0.01130567515,-0.010687056
-0.012252810814,-0.012345683
0.008616897,0.0078125335
0.0026095316,0.0046511334
-0.0707745405,-0.06944443
-0.00559371215,-0.004975093
-0.069907142814,-0.070000015
-0.0583354025,-0.059139766
0.06724126350000001,0.068571374
-0.008979858149999999,-0.008361239
0.012608784500000001,0.011804421
-0.013708303799999998,-0.011666702
-0.0215662045,-0.020236094
-0.00061861915,0.0
0.0018140769860000001,0.0017212048
0.005958970500000001,0.005154607
-0.010588578800000002,-0.008546977
0.0021181663,0.0034482768
-0.012646147149999998,-0.012027528
9.2872186e-05,0.0
-0.0026738984,-0.0034782619
-0.005532004199999999,-0.0034904024
-0.0030813901000000003,-0.0017512796
-0.0020416018,0.0
0.00042424140000000003,0.0017543519
-0.00937515515,-0.008756536
9.2872186e-05,0.0
0.0043379334000000006,0.0035335699
0.0314090762,0.033450678
-0.0013301105,0.0
-0.02106155615,-0.020442937
-0.008602748814000001,-0.008695621
0.0025587153999999997,0.0017543519
-0.0020416018,0.0
-0.004832738499999999,-0.003502628
-0.0023760544499999998,-0.0017574353
0.003613999786,0.0035211276
-0.0027044095000000002,-0.003508773
-0.0020416018,0.0
-0.003090709,-0.0017605985
-0.00590959115,-0.005290972
-0.003453228114,-0.0035461003
0.011480523000000001,0.0106761595
-0.0055627294,-0.0035211276
-0.006630500100000001,-0.0053003896
-0.00417101805,-0.0035523989
-0.003472191314,-0.0035650635
0.0008043635,0.0
-0.0056194204,-0.0035778186
0.004055923100000001,0.0053860336
0.0029528103499999996,0.0035714295
0.007210311686,0.0071174395
0.0114050725,0.010600709
-0.0107828978,-0.008741296
-0.0030937448,-0.0017636343
0.008215270850000001,0.00883389
-0.008663663814000001,-0.008756536
0.0008043635,0.0
-0.0020416018,0.0
-0.004863680400000001,-0.0035335699
0.00470049655,0.0053191157
0.0053839136860000004,0.0052910415
0.021857001499999997,0.021052638
-0.0054780288,-0.003436427
-0.0030542828,-0.0017241723
0.00801699585,0.008635615
0.003517530586,0.0034246584
0.0076303034999999995,0.00682594
0.0403312582,0.04237286
-0.0029560953000000003,-0.0016259848
0.02055399185,0.021172611
-0.004691786814,-0.004784659
-0.0152212825,-0.016025646
0.0044730578,0.0065146596
0.005142383,0.0064724935
-0.0054418031500000005,-0.004823184
-0.009600183814000001,-0.009693056
0.0154862925,0.014681929
-0.0036493508,-0.001607749
-0.0013301105,0.0
-0.0022288939499999997,-0.0016102748
0.012996038186,0.012903166
-0.027858003500000002,-0.028662367
-0.0036809788,-0.001639377
-0.012824334500000001,-0.011494224
-0.00061861915,0.0
0.015043010186,0.014950138
0.0073510105,0.006546647
0.0109665317,0.0130081335
-0.010960932500000001,-0.009630822
0.00262287285,0.003241492
0.009785928186,0.009693056
0.0088043345,0.007999971
-0.0099780813,-0.0079364795
0.041869871499999996,0.043199982
-0.014422274149999999,-0.013803655
0.003203292886,0.0031104207
-0.0038468309,-0.0046511944
-0.0207331958,-0.018691594
0.0177175145,0.019047625
0.00561191255,0.0062305317
-0.015387008814,-0.015479881
0.016527638499999997,0.015723275
0.0676178322,0.069659434
-0.0027772605,-0.00144715
-0.00641572215,-0.005797103
-0.023230749813999998,-0.023323622
0.0291626105,0.028358247
-0.02093798415,-0.020319365
-0.032499673814,-0.032592546
-0.0053212125,-0.006125576
0.0118258602,0.013867462
-0.0028498379,-0.0015197274
0.0009034213500000001,0.0015220405
9.2872186e-05,0.0
-0.0022351511,-0.0030395146
-0.014236726799999998,-0.012195125
-0.0152189735,-0.013888863
-0.01470316115,-0.014084542
-0.015780086813999998,-0.015872959
0.0040301708,0.0032258073
0.005996953199999999,0.008038555
0.0034545485,0.004784659
-0.00061861915,0.0
-0.006256336114,-0.0063492083
-0.008780241499999999,-0.009584605
0.0044100129,0.0064516147
-0.006137835499999999,-0.004807725
0.00019241085000000003,0.00081103
0.037370019186,0.037277147
-0.0038831365,-0.0046875
0.012087127199999999,0.014128729
-0.0137140115,-0.012383901
0.0056509731499999995,0.0062695923
-0.017041084813999997,-0.017133957
0.0008043635,0.0
-0.011550317800000001,-0.009508716
0.005069889500000001,0.0064
-0.01651687115,-0.015898252
-0.040294851814,-0.040387724
-0.0008791381,-0.0016835016
0.0030174202,0.005059022
0.0020255942,0.0033557047
-0.00563534145,-0.0050167223
-0.004949144814,-0.005042017
0.014317877500000001,0.013513514
0.009625065200000001,0.011666667
-0.0029775569,-0.0016474464
-0.01712026915,-0.01650165
-0.004940684814,-0.005033557
0.0142950885,0.013490725
0.009605652199999998,0.011647254
-0.009553795,-0.0082236845
-0.017202367149999998,-0.016583748
-0.008338830814000001,-0.008431703
0.0025050437,0.0017006802
0.0081451552,0.010186757
0.0037119065000000002,0.005042017
0.00272586245,0.0033444816
0.003426205586,0.0033333334
-0.004179025500000001,-0.004983389
-0.0103888478,-0.008347246
-0.0013301105,0.0
-0.00735262575,-0.0067340066
-0.003296958314,-0.0033898305
-0.0093997175,-0.010204081
-0.0037598149,-0.0017182131
-0.0047724513,-0.0034423408
-0.00925419815,-0.008635579
0.0018350324860000001,0.0017421603
0.002543494,0.0017391305
0.0205278422,0.022569444
-0.0013301105,0.0
-0.010805376149999999,-0.010186757
-0.006768191514,-0.0068610637
0.0025314791999999997,0.0017271157
0.0014066740000000001,0.0034482758
-0.0116393885,-0.010309278
-0.014507508149999999,-0.013888889
9.2872186e-05,0.0
0.0025649267999999998,0.0017605633
-0.0055565403,-0.0035149385
0.0004335579000000001,0.0017636684
0.01170532485,0.012323944
0.005310263686,0.0052173915
-0.0095762595,-0.010380623
-0.0055381053,-0.0034965035
0.00042427549999999995,0.001754386
-0.00061861915,0.0
9.2872186e-05,0.0
0.0043069905,0.003502627
0.0014487996,0.0034904014
-0.0082866325,-0.006956522
0.00288400785,0.003502627
0.0380980142,0.040139616
0.06746183950000001,0.06879195
0.06688530085,0.06750392
0.069210522186,0.06911765
0.0186860695,0.017881706
0.0249854262,0.027027028
-0.055277477500000005,-0.053947367
0.01468040785,0.015299027
-0.004016716814,-0.004109589
0.011808490500000001,0.011004127
-0.011565411800000001,-0.00952381
-0.0260553855,-0.024725275
-0.03442143915,-0.03380282
0.014670131186,0.014577259
0.0151721795,0.014367816
-0.0162059078,-0.014164306
0.0015434527,0.0028735632
0.009410033850000001,0.010028653
0.014277269185999999,0.014184397
0.0050001677000000005,0.0041958042
-0.0159691788,-0.013927577
-0.0352284155,-0.033898305
-0.04886423215,-0.048245613
-0.001443226114,-0.0015360983
-0.0284264065,-0.02923077
0.0233149762,0.025356578
-0.009058086,-0.0077279755
0.00249664555,0.0031152647
0.031148773186,0.031055901
-0.020279973500000003,-0.021084337
-0.0005031402999999999,0.0015384615
0.0032781845,0.004608295
-0.00826387915,-0.00764526
-0.030723767814,-0.03081664
-0.019863362500000002,-0.020667726
0.0206856712,0.022727273
-0.0092666185,-0.007936508
-0.015018619149999999,-0.0144
-0.069712327814,-0.0698052
0.0549055835,0.05410122
-0.0020416018,0.0
-0.011263885500000001,-0.009933775
-0.01399654515,-0.013377926
-0.003296958314,-0.0033898305
0.0297159275,0.028911564
-0.0020416018,0.0
-0.0129003585,-0.011570248
-0.03071895315,-0.030100334
-0.006803679514,-0.0068965517
0.0112210305,0.010416667
0.0013948244,0.0034364262
-0.0098917545,-0.008561644
0.01492542185,0.015544041
-0.013512569814000001,-0.013605442
0.0025285014,0.0017241379
0.0134489322,0.015490534
