error,base
0.0004005140217486769,0.0
0.0004265786847099662,0.0
0.0003593933070078492,0.0
0.0004546443233266473,0.0
-0.0026973903295584023,-0.003225847380235791
-0.002707005012780428,-0.0032362216152250767
0.0022300099371932447,0.0016233643982559443
0.003969087672885507,0.003241532249376178
0.002060430735582486,0.0016154965851455927
0.00038825091905891895,0.0
0.0037160487263463438,0.0032257819548249245
-0.0025728768086992204,-0.003215409815311432
0.0008873741026036441,0.0
0.0008299476467072964,0.0
-0.0025264343712478876,-0.003225847380235791
0.00391152169322595,0.0032362870406359434
-0.0025263882125727832,-0.003225847380235791
-0.0024029870983213186,-0.0032362216152250767
-0.005835069110617042,-0.006493523251265287
0.005556295334827155,0.004901989828795195
-0.0009637369657866657,-0.0016260039992630482
0.005678006913512945,0.004885956645011902
0.004084268060978502,0.003241532249376178
0.0023352887365035713,0.0016154965851455927
0.00391792319715023,0.0032257819548249245
0.002524847164750099,0.001607704907655716
0.010593803890515119,0.009630811400711536
0.0010912158759310842,0.0
0.0008888029842637479,0.0
0.0023822408984415233,0.0015898131532594562
0.00549081084318459,0.004761933349072933
-0.0008747785468585789,-0.0015797668602317572
0.0037195931072346866,0.00316453306004405
0.0003132189158350229,0.0
-0.002916091456427239,-0.0031545504461973906
0.0034977429604623467,0.00316453306004405
0.002100759942550212,0.0015772752230986953
0.000909976486582309,0.0
0.0007679706905037165,0.0
0.0007149677840061486,0.0
0.0007415404543280602,0.0
0.0008451950270682573,0.0
0.0007104651886038482,0.0
-0.0027711112052202225,-0.003149582538753748
-0.0013506737450370565,-0.0015797668602317572
0.005150308046722785,0.004746799357235432
-0.004219992144498974,-0.0047243740409612656
0.0009314228664152324,0.0
0.0009360418771393597,0.0
0.0007983359391801059,0.0
-0.002438810421153903,-0.003164597088471055
-0.0039839555392973125,-0.004761869087815285
-0.0007046805694699287,-0.0015948843210935593
0.0008804529788903892,0.0
0.0009096385911107063,0.0
-0.0006609140546061099,-0.00159743195399642
-0.0006110272370278835,-0.001600052579306066
-0.0005485205911099911,-0.0016025520162656903
-0.0037088575772941113,-0.004815373104065657
-0.0005821713712066412,-0.0016128909774124622
-0.005472519784234464,-0.006462051998823881
0.017252872930839658,0.016260171309113503
0.004179651732556522,0.0031999757047742605
0.0038732796092517674,0.0031897686421871185
0.000506234064232558,0.0
0.0006347897578962147,0.0
-0.004033630772028118,-0.004769439343363047
0.0008722736383788288,0.0
-0.0026623497251421213,-0.0031949286349117756
-0.002973115842905827,-0.0032051040325313807
9.976455476135015e-05,0.0
-0.004905561778286938,-0.004823114722967148
0.001564864087413298,0.0016154965851455927
0.0035885953111574054,0.0032257819548249245
0.0032095686569846293,0.003215409815311432
0.003358994916197844,0.00320516899228096
0.006904237379785627,0.00638972781598568
0.0033994332334259525,0.003174643497914076
0.005048316961620003,0.004746799357235432
0.005396377586293966,0.004724437836557627
0.0071447500376962125,0.006269545294344425
0.005740480381064117,0.004672924987971783
0.0010136970086023211,0.0
0.0009725146810524166,0.0
0.0021039550192654133,0.0015503759495913982
0.0034064049541484565,0.0030959518626332283
-0.002768387843389064,-0.0030721735674887896
0.008304306073114276,0.0077041019685566425
-0.002237950509879738,-0.003058081027120352
0.000728433660697192,0.0
0.0020617640693672,0.0015337307704612613
0.00036741557414643466,0.0
0.00024710435536690056,0.0
-0.004212753934552893,-0.004594146274030209
0.004925762448692694,0.004615349695086479
0.002146854472812265,0.0015313820913434029
0.00951188593171537,0.009174367412924767
-0.005727584328269586,-0.00606056023389101
0.0020765754743479192,0.0015243786619976163
-0.0053818547748960555,-0.006088356953114271
-0.0036991398665122688,-0.004594146274030209
0.006772002263460308,0.006153799593448639
-0.04845759310410358,-0.0489296056330204
-0.020399893925059587,-0.020900294184684753
-0.014099115098360926,-0.014778345823287964
-0.00598277390236035,-0.006666683591902256
-0.019770866580074653,-0.020134212449193
0.00037113649887032807,0.0
0.00028964466764591634,0.0
-0.006262790353503078,-0.006849332712590694
-0.0006895340047776699,-0.0017241248860955238
-0.00960369361564517,-0.010362685658037663
-0.03945928922621533,-0.04013959690928459
0.0007790313102304935,0.0
0.009936535032466054,0.009090913459658623
0.02788146660896018,0.027026968076825142
0.0028847907669842243,0.0017543727299198508
-0.005848093773238361,-0.0070052011869847775
0.00655039690900594,0.005290965083986521
-0.008976998855359852,-0.010526307858526707
0.01421350019518286,0.012411326169967651
-0.0021958249853923917,-0.0035026005934923887
-0.0006438313284888864,-0.0017574559897184372
0.001142837223596871,0.0
-0.0006163062062114477,-0.0017605500761419535
0.0012486233608797193,0.0
-0.005972030223347247,-0.007054691668599844
0.006227031641174108,0.005328628700226545
-0.0009957754518836737,-0.001766842557117343
0.0007482233340851963,0.0
-0.0010730258072726429,-0.0017698982264846563
-0.0014427593850996345,-0.0017730363178998232
-0.001716472896077903,-0.0017761855851858854
0.03248029723181389,0.0320284441113472
0.0055737190414220095,0.0051723746582865715
0.0007061935029923916,0.0
0.0006509660161100328,0.0
-0.0027495227404870093,-0.00343050598166883
-0.006361939536873251,-0.00688469922170043
-0.018632055027410388,-0.019064052030444145
-0.00317700338200666,-0.003533613635227084
-0.01963907702884171,-0.01950354315340519
-0.0056163156987167895,-0.005424913950264454
0.00877760598086752,0.009090913459658623
-0.0034828215211746283,-0.003603649092838168
-0.003494121352559887,-0.003616609377786517
0.002451098698657006,0.001814868301153183
-0.011926371313165873,-0.012681136839091778
0.017314936965703964,0.01651378534734249
-0.008124672807753086,-0.009025275707244873
0.011417316738516092,0.010928952135145664
0.001953530838363804,0.0018017881084233522
0.00010655601363396272,0.0
-0.0015959002339513972,-0.0017985475715249777
-0.0031108352122828364,-0.003603649092838168
0.001102221547625959,0.0
0.0008461239631287754,0.0
0.000611503142863512,0.0
0.0023386625689454377,0.0018083777977153659
-0.0012100252788513899,-0.0018051135120913386
-0.001100812281947583,-0.0018083046888932586
-0.0012531100655905902,-0.0018115804996341467
0.0003459446888882667,0.0
-0.005162693443708122,-0.005444604903459549
0.0003474680706858635,0.0
0.00041946154669858515,0.0
0.0004513427847996354,0.0
0.0006603861693292856,0.0
0.0007855746080167592,0.0
-0.00485424610087648,-0.005474484991282225
0.002213807631051168,0.0018348484300076962
-0.025356750091305003,-0.025641053915023804
-0.024107144126901403,-0.02443605847656727
-0.007399965659715235,-0.007707148790359497
-0.015355674899183214,-0.01553394179791212
-0.007135870109777898,-0.007889566011726856
0.03457453631563112,0.03379720076918602
-0.006907943461555988,-0.007692327257245779
0.0011012415634468198,0.0
-0.006660781684331596,-0.007751957979053259
-0.002873461344279349,-0.0039062206633388996
-0.0029531188192777336,-0.003921539057046175
0.0028297596727497876,0.0019684890285134315
0.0008369744755327702,0.0
-0.0013471206766553223,-0.0019646217115223408
0.002406013896688819,0.0019684890285134315
0.006504489108920097,0.005893865134567022
0.000938399403821677,0.0
-0.0008236111607402563,-0.001976271392777562
0.0009183076326735318,0.0
-0.0032368642278015614,-0.0039603691548109055
0.0005403176764957607,0.0
0.0025945223751477897,0.0019880582112818956
0.01053103624144569,0.009920647367835045
0.012306033400818706,0.011787817813456059
0.0006243076059035957,0.0
-0.005141970701515675,-0.0058252811431884766
-0.0033753608004190028,-0.003906223690137267
-0.0033939549466595054,-0.003921542316675186
0.0002752423461060971,0.0
-0.0017286766087636352,-0.001968490658327937
0.0002605151094030589,0.0
-0.014255623740609735,-0.014792917296290398
0.0007345403428189456,0.0
0.0014354292070493102,0.0010009541874751449
0.006382097722962499,0.006000039633363485
0.00038857650361023843,0.0
0.0005012259935028851,0.0
0.0006886073388159275,0.0
0.0007096062763594091,0.0
-0.001381120819132775,-0.0019880582112818956
0.0007305005565285683,0.0
-0.0012212980072945356,-0.0019920184276998043
0.000842816720250994,0.0
0.0006837367545813322,0.0
0.0006194169400259852,0.0
-0.0013615268399007618,-0.0019960743375122547
0.00879234541207552,0.0080000264570117
0.002907593094278127,0.0019841135945171118
0.0066505311406217515,0.005940633360296488
0.010543885175138712,0.009842531755566597
0.0045238526072353125,0.0038986089639365673
-0.007149273122195154,-0.007767015602439642
-0.011017311189789325,-0.011741681955754757
-0.001447154674679041,-0.0019801845774054527
-0.0034876485296990722,-0.0039682271890342236
-0.003445262322202325,-0.003984116483479738
0.0007347657810896635,0.0
0.04885386460227892,0.047999996691942215
0.048473839240614325,0.04770998656749725
0.029961039137560874,0.029143845662474632
0.022485357359983027,0.021238936111330986
0.023656008765101433,0.022530386224389076
0.006343669141642749,0.005084711126983166
0.006006306211929768,0.0050590550526976585
-0.005857617885340005,-0.006711430847644806
-0.0008441809914074838,-0.0016891778213903308
0.004235586151480675,0.0033840718679130077
-0.010895563929807395,-0.011804372072219849
0.0038561888795811683,0.0034129461273550987
0.0019441507320152596,0.001700668828561902
-0.0014851912710582837,-0.0016977814957499504
0.005761910288129002,0.005102074705064297
-0.010895395884290338,-0.01184431929141283
0.009211682947352529,0.008561586029827595
-0.008096424920950085,-0.00801277905702591
0.00315301646332955,0.003230941016227007
-0.008129212648782413,-0.008051488548517227
-0.012893172177427914,-0.012987006455659866
0.009978900830901694,0.009868339635431767
-0.0048766822828838485,-0.0048860288225114346
-0.011381657990568783,-0.011456510052084923
0.00018123071640729904,0.0
-0.00014768276014365256,0.0
-0.0002618817088659853,0.0
0.016439310915302485,0.016556205227971077
-0.00821321940748021,-0.008143280632793903
-0.009653890170739032,-0.00985221192240715
0.0002247993106720969,0.0
-0.024743291767663322,-0.024875648319721222
-0.025378112331964076,-0.025510231032967567
0.01065401965752244,0.01047119963914156
-0.011814758676337078,-0.012089764699339867
-0.015685334179579513,-0.015734218060970306
0.021380054917244706,0.02131437510251999
-0.00866981331819261,-0.008695688098669052
0.00019724426965694875,0.0
0.005593767011305317,0.0052631148137152195
0.008856032116455026,0.00872603990137577
0.010484166654350702,0.010380618274211884
-0.006450157845392823,-0.006849391385912895
-0.0013147314311936498,-0.0017240972956642509
0.012695212673861533,0.012089844793081284
-0.008065644680755213,-0.008532379753887653
-0.001363264600513503,-0.0017212892416864634
-0.016948146192589775,-0.01724129170179367
-0.006716941221384332,-0.007017540279775858
-0.005082566291093826,-0.0053003099747002125
0.024854294800206844,0.024866770952939987
0.013739933259785175,0.01386473048478365
0.0016853097476996481,0.0017094406066462398
-0.004934838550980203,-0.0051194909028708935
0.010867193806916475,0.010291670449078083
0.04108779501984827,0.040747009217739105
-0.0110831092169974,-0.011419281363487244
-0.009651840577134863,-0.009900908917188644
-0.011266733257798478,-0.011666699312627316
-0.00307186963618733,-0.0033727576956152916
0.008409631711401744,0.008460351265966892
-0.015463133313460276,-0.015100779943168163
-0.012125179229769856,-0.011925077065825462
-0.022491493786219507,-0.02241366356611252
0.003917834721505642,0.0035273348912596703
0.0002636440040078014,0.0
0.005306295021000551,0.005272364243865013
0.001524810228147544,0.0017482104012742639
-0.0052652122103609145,-0.005235559307038784
-0.0015717221685918048,-0.0017543444409966469
0.010861111077247187,0.010544809512794018
-0.004960786638548598,-0.005217428784817457
-0.008551282182452269,-0.00874121394008398
0.0021153276320546865,0.0017635448602959514
-0.006571390345925465,-0.007042169105261564
-0.006634289777139202,-0.007092195097357035
0.009157327629509382,0.008928608149290085
-0.007018985808826983,-0.007079724222421646
-0.014215763658285141,-0.014260242693126202
-0.005314683810865972,-0.005424910224974155
0.00522250217909459,0.005454500671476126
0.0013020170736126602,0.0018083594040945172
0.010475289745954797,0.010830319486558437
-0.018097637963364832,-0.017857134342193604
-0.0036166409645375097,-0.003636361798271537
-0.01472212809312623,-0.01459853257983923
-0.028064556274330243,-0.02777780592441559
0.01291359486640431,0.01333337090909481
-0.0043594890157692134,-0.0037594838067889214
0.010730835783760995,0.01132075022906065
0.014710842006024905,0.014925452880561352
-0.0007677219691686332,0.0
0.039950361708179116,0.040441155433654785
0.0016564903417020105,0.0017668245127424598
0.0047530815354548395,0.005290961358696222
0.011705149605404586,0.012280736118555069
0.020781500677912845,0.020797215402126312
-0.021762731747003272,-0.022071413695812225
0.0006240200600586832,0.0
-0.011480169836431742,-0.012152652256190777
0.00429747678572312,0.003514855168759823
0.009043801808729768,0.00875652302056551
-0.001789245772670256,-0.0017359895864501595
0.010332146172004286,0.010434777475893497
-0.00499102687172126,-0.005163548514246941
0.003869881242280826,0.0034601257648319006
-0.008234764449298382,-0.008620566688477993
0.03512005213997327,0.034782592207193375
-0.02498708519851789,-0.025210188701748848
0.00890396480099298,0.008620725944638252
0.042955225333571434,0.04273514449596405
-0.008316015089803841,-0.008196755312383175
-0.020192707976093516,-0.019834700971841812
-0.01703911456570495,-0.016863476485013962
0.01864296580606606,0.01886795647442341
0.034120610798709095,0.03367001935839653
0.06835671857697889,0.0684039518237114
-0.0017091757035814226,-0.0015243540983647108
0.03690743399783969,0.03664113208651543
-0.0024234477314166725,-0.0029454384930431843
-0.000646198692265898,-0.0014771383721381426
-0.008642613174743019,-0.008875735104084015
-0.0208331142202951,-0.020895512774586678
-0.03334216319490224,-0.0335366390645504
0.0038198824622668326,0.0031546459067612886
0.0007430414552800357,0.0
-0.025287129057687707,-0.025157220661640167
0.00119707130943425,0.0016128650167956948
-0.010322907706722617,-0.009661756455898285
-0.00024252908769994974,0.0
-0.013681643467862159,-0.014634251594543457
-0.009745814662892371,-0.009900908917188644
0.009637896524509415,0.009999916888773441
-0.010069465686683543,-0.009900908917188644
0.014853692744509317,0.014999953098595142
0.005114570798468776,0.004926144145429134
0.0054864760604687035,0.00490199588239193
-0.007760801032418385,-0.008130114525556564
-0.01652608360745944,-0.01694919541478157
-0.027038515312597156,-0.0275861993432045
0.016655143757816404,0.015957526862621307
-0.015312571544200182,-0.015706883743405342
-0.001494106458267197,-0.0017730144318193197
-0.005192907294258475,-0.0053286501206457615
-0.0033249542757403105,-0.0035714376717805862
0.00041554984636604786,0.0
-0.032042773309512995,-0.032257985323667526
0.00552325596800074,0.005555527750402689
0.016569635210089473,0.016574669629335403
0.009073514491319656,0.00905787106603384
-0.017881075000332203,-0.017953285947442055
-0.002136039431206882,-0.001828117179684341
-0.011625279032159597,-0.010989038273692131
0.018315998124307953,0.018518565222620964
-0.0020294246496632695,-0.0018182269996032119
-0.001842180674429983,-0.0018214572919532657
0.01085780266294023,0.010948849841952324
-0.00700904599216301,-0.007220153696835041
0.0018184634973295033,0.001818145508877933
-0.05635369869560236,-0.056261442601680756
0.024919094903452788,0.02500002086162567
-0.00834007008234039,-0.007504625711590052
-0.003183367196470499,-0.0018904062453657389
0.013633740018121898,0.01515146903693676
0.006699196121189743,0.00746278977021575
0.004436455434188247,0.005555527750402689
0.025625664420658723,0.025782670825719833
1.5431412975885905e-05,0.0
0.0107865019917881,0.010772020556032658
0.026948980084853247,0.026642931625247
0.003273905793321319,0.0034602165687829256
-0.01091873919358477,-0.010344776324927807
-0.00753441994311288,-0.006968658417463303
-0.0021207130048424006,-0.001754351076669991
-0.003481133422610583,-0.003514947136864066
0.0008483261917717755,0.0
0.012692538526607677,0.01234566979110241
-2.476052031852305e-05,0.0
0.001622094445338007,0.0017421256052330136
-0.005223296417625534,-0.005217365454882383
-0.003412503363506403,-0.0034965123049914837
-0.005360638082493097,-0.005263131577521563
-0.00913092156406492,-0.00881840381771326
-0.01645565385115333,-0.016014156863093376
0.0014259120216593146,0.001808282220736146
-0.00022940321650821716,0.0
0.012439367812476121,0.012635370716452599
-0.0053493617064077625,-0.005347647238522768
0.012663902714848518,0.012544875033199787
-0.007119438010704471,-0.007079663686454296
0.006793283624574542,0.007130142766982317
0.015471684280782938,0.0159292034804821
-0.00044626451563090086,0.0
0.0013786634954158217,0.0017421256052330136
-0.0020242590981069952,-0.0017390958964824677
0.012373050310998224,0.012195034883916378
0.007104337986675091,0.00688469922170043
-0.011681138683343306,-0.011965804733335972
0.0003845639294013381,0.0
-0.015322705148719251,-0.01557085756212473
-0.0016183750558411703,-0.0017575130332261324
-0.0034885968889284413,-0.0035211355425417423
0.001765487647730879,0.0017668285872787237
-0.007044834783300757,-0.007054691202938557
0.0015503995382459834,0.0017761635826900601
0.022672822698950768,0.02304966375231743
-0.0036528848140733317,-0.0034662133548408747
-0.005047294311225414,-0.005217365454882383
-0.0013413489796221256,-0.0017482169205322862
0.012484549777582288,0.012259107083082199
-0.008544108808564488,-0.008650424890220165
0.0017644552572164685,0.0017451659077778459
-0.01387353540485492,-0.013937316834926605
-0.010458754884894006,-0.010600733570754528
-3.207292684237473e-05,0.0
-0.001798314730876882,-0.0017856787890195847
-0.007225215085782111,-0.007155653089284897
-0.0001233233488164842,0.0
-0.0018084417679347098,-0.0018017659895122051
-8.25866954983212e-05,0.0
-0.003578186730010202,-0.0036100363358855247
0.0018268278981850017,0.001811558031477034
0.0038268191274255514,0.003616564441472292
0.00031495734583586454,0.0
0.005405846963782324,0.00540537852793932
-0.0037250061868689954,-0.003584238700568676
-0.0074497095483820885,-0.007194101810455322
0.0016651014593662694,0.001811558031477034
0.023573380000016186,0.02350807376205921
0.0035244940272605163,0.0035335777793079615
-0.012411744624841958,-0.012323935516178608
-0.010693021157521798,-0.010695214383304119
-1.6017002053558826e-06,0.0
-0.008984898604467162,-0.00900891050696373
0.008804204611806199,0.009090809151530266
-0.004100153862964362,-0.0036035319790244102
0.0011847246787510812,0.001808282220736146
0.0014599150454159826,0.0018050181679427624
0.010776875151350396,0.01081083808094263
-0.00021237024338915944,0.0
-0.010670782963643433,-0.010695214383304119
0.010772970050311415,0.01081083808094263
0.0018298861104995012,0.0017824957612901926
0.00024071040388662368,0.0
0.02146025295223808,0.021352367475628853
0.0018224490995635279,0.0017421256052330136
0.0036443992430577055,0.0034782697912305593
-0.0031183949613478035,-0.0034662133548408747
0.010821288306033239,0.010434730909764767
-0.008365510671865195,-0.0086058359593153
-0.0016209552777581848,-0.001736076665110886
-0.0014773140428587794,-0.0017390958964824677
-0.0016604855554760434,-0.0017421256052330136
0.00019901858468074352,0.0
0.0016799549921415746,0.0017451659077778459
-0.008897442443412729,-0.008710783906280994
-0.007105573233275209,-0.007029894273728132
0.012457559452741407,0.01238937210291624
0.0002194992994191125,0.0
0.0035019912174902856,0.0034965123049914837
0.005347211168555077,0.005415101069957018
0.0017358062796120066,0.0017953119240701199
0.00554249579727184,0.005376361310482025
-0.010309342760592699,-0.010695143602788448
0.002053207397693768,0.001801781472750008
-0.0037954175313643645,-0.0037452818360179663
0.00377337706322578,0.0037593618035316467
0.041049210529308766,0.041198503226041794
-0.014381156865511002,-0.014388426207005978
0.0035709632793441415,0.003649599151685834
-0.018350518847000785,-0.018181797116994858
0.02216304985267925,0.022222163155674934
3.5515695344656706e-05,0.0
0.006865671370178461,0.007246383931487799
-0.011351469962392002,-0.010791338980197906
-0.01497996153193526,-0.014545468613505363
0.0033690933778416365,0.003690080251544714
-0.0035808332395390607,-0.0036765136756002903
0.003535982294124551,0.003690080251544714
0.003362681338330731,0.003676434513181448
-0.00020251494424883276,0.0
-0.00739845224597957,-0.007326014339923859
0.003951760445488617,0.003690080251544714
-0.014792905225476716,-0.014705896377563477
0.0036797483735426795,0.0037313068751245737
-0.011199777316505788,-0.011152387596666813
5.7712290981726255e-06,0.0
-3.1660019885748625e-06,0.0
-0.0001494690077379346,0.0
0.007322372985072434,0.007518804166465998
0.00384778648003703,0.0037313068751245737
0.018762095176498406,0.018587419763207436
-0.0068384270707610995,-0.007299277000129223
-0.007041264238068834,-0.007352948188781738
0.022492915159091353,0.022222163155674934
-0.028727273223921657,-0.028985459357500076
0.00025758444098755717,0.0
0.0038508963771164417,0.0037313068751245737
-0.003823046361503657,-0.0037174359895288944
-0.007642254073289223,-0.007462693843990564
0.0073931716760853305,0.007518804166465998
0.003708411648403853,0.0037313068751245737
-0.003235577285522595,-0.0037174359895288944
-0.007252047653310001,-0.007462693843990564
0.0001219011828652583,0.0
-0.014949005009839311,-0.015037608332931995
-0.022666833552648313,-0.022900786250829697
-0.0272611832479015,-0.027343735098838806
-0.016456023295177147,-0.016064273193478584
0.00753318628994748,0.008163273334503174
0.019917850935598835,0.020242977887392044
-0.01614551554666832,-0.015873029828071594
0.020406450756127015,0.02016126550734043
-0.015661940720747225,-0.015810292214155197
0.00019559089560061693,0.0
0.00023690133821219206,0.0
-0.011801444081356749,-0.012048161588609219
-0.0037645477859769017,-0.0040650879964232445
0.024787888600258157,0.02448982000350952
-0.003937630699510919,-0.003984024748206139
-0.007891425317211542,-0.008000007830560207
0.00424220746208448,0.004032218363136053
0.0002675394935067743,0.0
-0.011710643069818616,-0.012048161588609219
-0.007968380523379892,-0.00813008937984705
0.01226848338956188,0.012295049615204334
-2.963253609777894e-05,0.0
0.008167787025740836,0.008097173646092415
-0.004533167346380651,-0.0040160249918699265
-0.004825596639420837,-0.00403230544179678
0.035924762138165534,0.03643723949790001
-0.05106428806902841,-0.0507812574505806
-0.05350393710477874,-0.05349786579608917
-0.017768813180737197,-0.017391320317983627
-0.04995680961292237,-0.04867256432771683
0.02176657214295119,0.023255785927176476
-0.024869436863809824,-0.022727245464920998
0.030030660098418593,0.03255812078714371
-0.01519437471870333,-0.013513478450477123
-0.006944738561287522,-0.004566263407468796
0.011934180743992329,0.013761431910097599
0.008255594817455858,0.009049782529473305
0.025153118767775595,0.026905857026576996
-0.0011499597458168864,0.0
-0.012799408927094191,-0.013100402429699898
-0.007845208398066461,-0.008849565871059895
0.0014726696535944939,0.0
0.0012720556696876884,0.0
0.019054788281209767,0.017857160419225693
-0.004425364004418952,-0.004386016167700291
0.004176135713350959,0.004405337851494551
-0.0002921285922639072,0.0
0.035267984654637985,0.03508765995502472
0.017496630607638508,0.01694916933774948
-0.012030370737193152,-0.012499967589974403
0.013026658358285204,0.0126581946387887
0.02527993472176604,0.02500002458691597
-0.0036994699330534786,-0.0040650879964232445
0.00421536632347852,0.004081680439412594
-0.012475758936489001,-0.012195177376270294
-0.029206980718299747,-0.028806569054722786
-0.0045326695835683495,-0.004237246699631214
0.020776732417289168,0.021276570856571198
-0.004214963162667118,-0.004166625905781984
0.0330773874593433,0.03347274661064148
-0.012684474932029843,-0.01214571762830019
0.004007177754829172,0.004098320379853249
-0.012023381379549392,-0.012244866229593754
-0.020100742112845182,-0.020661132410168648
0.016823407804622548,0.01687765307724476
-0.008586934098275378,-0.008298763073980808
-0.008595393388532102,-0.00836820900440216
-0.008348559458681848,-0.00843882653862238
-2.624264743644744e-05,0.0
-0.004740212432807311,-0.004255368839949369
0.0038706747873220593,0.004273554310202599
-0.013439810427371413,-0.012766015715897083
-0.017732595035340637,-0.017241304740309715
0.013259143590403255,0.0131578603759408
0.003967478289268911,0.0043289619497954845
-0.0005391110316850245,0.0
0.016741194820497185,0.017241396009922028
0.016646546573610976,0.01694916933774948
-3.994861617684364e-05,0.0
0.00870965447393246,0.008333341218531132
-0.004058289719978347,-0.004132191184908152
-0.0040518840905861,-0.004149426240473986
0.008561836919398047,0.008333341218531132
0.033563371922355145,0.03305788338184357
0.012136313438531943,0.011999968439340591
-0.023613971199665684,-0.023715438321232796
8.310258999699727e-05,0.0
0.02445685009297449,0.024291522800922394
0.031867677229456604,0.031620584428310394
-0.06143486833025236,-0.06130274012684822
0.056661590439034626,0.05714291334152222
-0.0007659392431378365,0.0
0.02652022137772292,0.027027010917663574
-0.034000774248852395,-0.03383458033204079
0.006853010214399546,0.00778210861608386
0.009980716626159847,0.011582980863749981
-0.0004451391287147999,0.0
0.0030552277457900345,0.0038168386090546846
-0.015440589559148066,-0.015209139324724674
-0.004217265028273687,-0.0038610489573329687
-0.030490637524053454,-0.03100769966840744
0.02378611039603129,0.023999936878681183
-0.03974636149359867,-0.03906245529651642
0.03185587021289393,0.032520268112421036
-0.00223926710896194,0.0
-0.0065180964302271605,-0.0039369696751236916
0.005611734464764595,0.007905146107077599
0.007314392714761198,0.007843145169317722
-0.008661186613608152,-0.00778210861608386
0.000575654674321413,0.0
-0.007241607003379613,-0.007843145169317722
0.015819563685909088,0.015810292214155197
0.019742441480048,0.019455229863524437
-0.0002339147758902982,0.0
-0.004573182144667953,-0.0038167566526681185
-0.015898173209279776,-0.015325685031712055
0.011179041641298681,0.01167312078177929
-0.023381868231808767,-0.023076945915818214
0.0006633736775256693,0.0
4.052548683830537e-05,0.0
-0.019955681200372055,-0.019685016945004463
0.007773878023726866,0.008032136596739292
-0.019964428578532534,-0.019920295104384422
0.012190305162221193,0.01219508983194828
0.007866419342462905,0.008032136596739292
0.003591934888390824,0.003984110429883003
-0.0003174593730363995,0.0
-3.1026876968098804e-05,0.0
0.06354926427957253,0.06349203735589981
0.015114213994820602,0.014925387687981129
-0.025152415444608778,-0.025735357776284218
0.023241452523507178,0.022641532123088837
0.007492285862099379,0.007380081340670586
-0.033286458026850596,-0.03296702727675438
0.0032385760569013655,0.0037878418806940317
0.006654193915892392,0.0075471773743629456
-0.008184212725609541,-0.007490644231438637
0.014491600857581943,0.015094354748725891
-0.01868861448019743,-0.01858733966946602
-0.007723103524767794,-0.007575764786452055
-0.015122042910661548,-0.015267190523445606
0.004166880476986989,0.0038760146126151085
-0.011682216565532144,-0.011583063751459122
-0.004185126890661195,-0.0039062120486050844
-0.0007459642947651446,0.0
0.01119631773326546,0.011764675378799438
-0.00038503066753037274,0.0
-0.012291829101741314,-0.01162787713110447
-0.0007754110847599804,0.0
-0.0042979230638593435,-0.003921614494174719
-0.0037844076432520524,-0.0039369696751236916
-0.01539257782860659,-0.015810292214155197
6.19267811998725e-05,0.0
-0.004194740045932122,-0.0040160249918699265
-0.00019021877960767597,0.0
-0.004077101359143853,-0.00403230544179678
-0.004008624604466604,-0.004048543516546488
0.003951147322368342,0.004065000917762518
0.012236955481057521,0.01214580424129963
0.004244211100740358,0.003999960608780384
0.0042250249098287895,0.003984110429883003
0.0004112113092560321,0.0
-0.0076057758124079555,-0.007936514914035797
-0.007640925468876958,-0.008000007830560207
-0.023901784530607983,-0.024193571880459785
-0.02429403195856139,-0.024793412536382675
0.013189871475333348,0.012711922638118267
0.01675563711069117,0.01673632673919201
0.00391831157321576,0.004115274641662836
-0.0002120177960023284,0.0
0.0040782517662592,0.004098320379853249
0.00040209959843195975,0.0
0.0005045688594691455,0.0
-0.0036611932737287134,-0.00408159289509058
-0.015958811476593837,-0.01639345847070217
0.0003988120297435671,0.0
0.0003714340564329177,0.0
-0.012406936242769007,-0.012499967589974403
-3.9101927541196346e-05,0.0
-0.004351333642262034,-0.0042194584384560585
-5.414389306679368e-05,0.0
0.021298437008226756,0.021186508238315582
0.012145918706664816,0.012448099441826344
0.00784475970431231,0.008196729235351086
-0.00020323973149061203,0.0
0.00010445885709486902,0.0
0.008500252733938396,0.00813008937984705
-0.0038113099290058017,-0.00403230544179678
0.01229637065262068,0.01214580424129963
0.02010943149070954,0.019999975338578224
0.008001179900020361,0.007843145169317722
-0.0035311318933963776,-0.003891096217557788
0.007974040563567542,0.007812507450580597
0.007832579751266167,0.007751945871859789
-0.0073949860816355795,-0.007692315150052309
0.00013984274119138718,0.0
-0.0036389120359672233,-0.0038759312592446804
8.725185762159526e-05,0.0
-0.003797839628532529,-0.003891096217557788
0.0001716822007438168,0.0
0.0002907889138441533,0.0
0.0003454323159530759,0.0
0.007888098909461405,0.007812507450580597
0.003892496644766652,0.0038760146126151085
0.003959645015129354,0.003860966069623828
0.00029380142223089933,0.0
0.008163816877640784,0.007692315150052309
-0.018757429905235767,-0.01908394694328308
-0.0028128046251367778,-0.0028984996024519205
-0.00863704282528488,-0.008721104823052883
-0.0015465222095372155,-0.0014661834575235844
-0.008739796619920526,-0.008810549974441528
0.0058965374973922735,0.0059258886612951756
-0.010512565611861646,-0.010309296660125256
-0.0030467632386717014,-0.002976070623844862
0.0059851093392353505,0.00597011111676693
-0.004744081321405247,-0.004451027140021324
-0.00037515314761549234,0.0
0.013135606335708871,0.013412714004516602
0.0042156099079875275,0.004411820322275162
-0.008627164788777009,-0.008784816600382328
-0.00576057042053435,-0.005908315535634756
-0.005940226274105953,-0.005943565629422665
0.0015310067501559388,0.0014948096359148622
7.117489440133795e-05,0.0
-0.0013286319299368188,-0.001492578536272049
0.0013901450220146216,0.0014948096359148622
0.00731999333947897,0.007462622132152319
-0.0015700607691542245,-0.001481455285102129
0.008961716845078627,0.008901987224817276
-0.005650830848026089,-0.005882249679416418
0.00011342767538735643,0.0
5.92937067267485e-06,0.0
0.035711184827960096,0.03550279885530472
0.027384752334910445,0.027142899110913277
-0.0051909917092416435,-0.00556318461894989
-0.0026665722689358518,-0.0027972799725830555
0.004269629680493381,0.004207690246403217
-0.008366182941244915,-0.008379929699003696
3.5875378671335056e-05,0.0
0.014087434402199506,0.014084513299167156
0.0025667447334853932,0.0027777287177741528
-0.003030188294360414,-0.0027700343634933233
-0.007104290591087192,-0.006944447290152311
0.007015963730736985,0.006993010174483061
0.014321928058052436,0.013888894580304623
-0.016217127078562044,-0.016438376158475876
0.002958282406325452,0.0027855292428284883
-0.02767915878939675,-0.027777915820479393
0.01759652949112933,0.01736626587808132
-0.004038618935737759,-0.004267456941306591
0.011249664981733076,0.011428464204072952
-0.004760155570693314,-0.004237193614244461
-0.011706203760695644,-0.011494160629808903
-0.01328084665874485,-0.013081498444080353
-0.0012173267896287143,-0.0014726935187354684
0.002993361671542516,0.0029497311916202307
0.005746124035795219,0.005882371217012405
-0.009042090125149116,-0.008771827444434166
-0.0074826191921602,-0.007374653592705727
0.006019245331117418,0.005943488795310259
0.00012466921180021018,0.0
0.0001450512936571613,0.0
-0.0013668774699908681,-0.0014770441921427846
-0.008753881324082613,-0.008875766769051552
0.00477335209143348,0.004477625712752342
-0.008714850162505172,-0.008915331214666367
0.022545603362232214,0.022488757967948914
-0.0044002799937743475,-0.004398840479552746
-0.013125222918461077,-0.013254761695861816
0.00022156693739816546,0.0
-0.0030531302400049753,-0.002985083730891347
-0.003432527417317033,-0.0029940211679786444
0.0011330678826197982,0.001501506078056991
-0.027323190384777263,-0.026986589655280113
-0.01404255184752401,-0.013867395929992199
0.002784179145237431,0.0031250095926225185
-0.0005926814628764987,0.0
-0.003728503652382642,-0.0031152742449194193
-0.008442497171927243,-0.007812523283064365
0.007367043872363865,0.007874039933085442
0.01077519336831756,0.010937533341348171
0.003956608765292913,0.004636798985302448
0.005682264920324087,0.006153796799480915
0.0028475796716520563,0.003058113157749176
0.0026692565297707915,0.0030487223993986845
0.03313463187078014,0.03343461826443672
-0.001271152461413294,-0.001470527844503522
-0.018768878187984228,-0.019145796075463295
-0.0009172757854685187,-0.001501506078056991
-0.009994622552767396,-0.010526347905397415
0.011230013973545283,0.010638331063091755
0.007719857676420361,0.007518819998949766
0.002922359315562062,0.002985083730891347
-0.003144267902825959,-0.0029761993791908026
-0.00888499017310096,-0.008955251425504684
-0.0027756344206864014,-0.0030119908042252064
-0.0058955263084499165,-0.006042380817234516
0.01834034897183301,0.01823713816702366
-0.014887062250636518,-0.014925418421626091
0.0016429564711870626,0.0015152230625972152
0.010692177398595959,0.010589980520308018
-0.0075906109195784666,-0.007485118694603443
-0.009361683594761416,-0.00904960185289383
-0.004787792277056724,-0.004566290881484747
0.0103688461240381,0.010703396052122116
-0.0013634569331770763,-0.0015129306120797992
0.03769986378028989,0.03787883743643761
-0.019191616927855648,-0.018978094682097435
0.008936306621762924,0.008928598836064339
-0.00868155068019405,-0.008849584497511387
-0.010069410054711625,-0.010416697710752487
0.007469824427971616,0.007518819998949766
-0.0017016088240779936,-0.0014925418654456735
-0.010667934126104228,-0.010463343933224678
-0.002997387704454013,-0.0030212237033993006
-0.0014376324834302068,-0.0015151561237871647
-0.009411622275365517,-0.009104665368795395
0.010337539948523045,0.010719720274209976
-0.0005224171909503639,0.0
-0.007938270806334913,-0.0075757140293717384
0.00016781709564384073,0.0
-0.004752715409267694,-0.004580099135637283
0.0011481106921564788,0.001533679198473692
0.002676348580280319,0.0030627965461462736
0.007340406969888136,0.007633543573319912
0.0029503075711545534,0.0030303793027997017
0.00020842622325289994,0.0
0.0031539405463263392,0.003021090291440487
0.012242766853887588,0.012048229575157166
0.00622929009841755,0.005952398758381605
-0.0009504962363280356,-0.0014792943838983774
-0.010093559918459505,-0.010370401665568352
-0.007314589180168696,-0.007485118694603443
0.00010213270434178412,0.0
-0.0013458750472636893,-0.0015081671299412847
-0.0012528182996902615,-0.0015105785569176078
-0.006129916459030937,-0.006051388569176197
0.0027310622681397945,0.0030440145637840033
-0.009399462636793032,-0.009104665368795395
0.001295708934776485,0.0015313982730731368
0.0074818546418100595,0.007645215839147568
-0.005035190348280594,-0.004552299156785011
-0.0006494034896604717,0.0
0.0026457328640390188,0.0030487223993986845
0.020891011430649087,0.02127666212618351
0.00737845673575066,0.007440432906150818
0.05763320635014679,0.057607199996709824
-0.017920657235663384,-0.01815647818148136
0.017249535172595643,0.017069626599550247
-0.02948326765181264,-0.029370596632361412
0.04738360621558968,0.04755045101046562
0.014053079299628735,0.015130598098039627
-0.01630411425139755,-0.014905075542628765
0.006871026940643787,0.008253119885921478
-0.004587703151628375,-0.004092841874808073
0.010427596513181925,0.010958877392113209
0.0029318631713977084,0.0027100953739136457
-0.0025630403397371992,-0.002702770521864295
7.4265794864913914e-06,0.0
0.0301524008391425,0.029810510575771332
-0.005375704124162439,-0.00526328943669796
-0.004271829791832715,-0.00396826583892107
-0.015000164043158293,-0.014608277939260006
0.00898581012734212,0.009433872066438198
-0.020161836975603364,-0.02002653107047081
0.0008261578623205423,0.0
0.00693998193310108,0.006812009494751692
-0.005510904295078944,-0.005412735976278782
0.005444775960995685,0.005442193243652582
0.005622112599667162,0.005412735976278782
0.0057653277181088924,0.005383477080613375
0.009650903957663104,0.00937084574252367
-0.008055990350840148,-0.007957466877996922
0.0011560272396309301,0.0013366661733016372
-0.004092576076800469,-0.00400511734187603
0.0013719921080337372,0.0013403681805357337
-0.02409525417169789,-0.024096282199025154
-0.0135574895539321,-0.013717522844672203
0.021012811252148822,0.02086237259209156
-0.0014948396274121478,-0.001362401875667274
-0.0005846665590070188,0.0
-0.008821580791845918,-0.00818556360900402
0.0021401382982730865,0.0027511008083820343
-0.002589021431049332,-0.002129338216036558
-0.010367637820309028,-0.00995718501508236
0.01582350360149576,0.01580452173948288
0.00422851117036771,0.004243255592882633
-0.01256420698337024,-0.012675980105996132
0.0003811925707850605,0.0
0.0002011138276429847,0.0
0.002958652999950573,0.00285294814966619
-0.02549297668156214,-0.025604519993066788
-0.020360235044790898,-0.020437853410840034
0.01649876791634597,0.01639336347579956
-0.00598544593231054,-0.00586510868743062
-0.0016441499610664323,-0.0014748963294550776
-0.00015433064254466444,0.0
-0.00730505333194742,-0.007385500706732273
-0.005577095085754991,-0.005952450446784496
0.010672570366295986,0.010479149408638477
0.0014225246668502223,0.0014814513269811869
-0.002992746292875381,-0.0029585829470306635
-0.0013277626858325675,-0.001483712694607675
0.00020628531638067216,0.0
3.57887583959382e-05,0.0
0.01640880155173363,0.016344711184501648
-0.0058093392581213266,-0.005847959313541651
-0.011775165704420942,-0.011764655821025372
-0.0028787171104340814,-0.002976256888359785
-9.014851093525067e-05,0.0
-0.013510513490473386,-0.013432755134999752
-0.0046784941223450005,-0.004538614768534899
-0.00296479352255119,-0.003039516741409898
0.00028819445287808776,0.0
0.0030451447528321296,0.0030487836338579655
0.0013329278590390459,0.001519726007245481
-0.00328074159915559,-0.0030348398722708225
-0.007764148234855384,-0.007610325235873461
-0.004515818814979866,-0.004601329565048218
0.0016063396615209058,0.001540866564027965
1.8193341020378284e-05,0.0
-0.019916740733606275,-0.01999998837709427
-0.007671065817703493,-0.007849268615245819
-0.0028626246203202754,-0.003164560068398714
0.00957156102595036,0.009523819200694561
0.004654851356463041,0.004716952331364155
0.006132880647783168,0.0062597873620688915
-6.232478335732594e-05,0.0
0.008000174377229996,0.007776024751365185
-0.0030519922111125197,-0.00308642303571105
-0.0013874173018848523,-0.0015480222646147013
0.0016443269632873125,0.0015504223993048072
-0.0014072864869376644,-0.0015480222646147013
-0.009014235925860703,-0.009302269667387009
-0.009282785606046673,-0.009389614686369896
0.01578930943924206,0.01579773612320423
-0.0030977809701653314,-0.003110423218458891
0.00012744961713906378,0.0
-0.002915729462984018,-0.0031201280653476715
0.004661158800445264,0.004694807343184948
0.00612691343849292,0.006230536382645369
-0.006124979357991833,-0.00619195681065321
0.012413985503371805,0.012461072765290737
-0.00604102620127378,-0.006153852678835392
0.001483280757383909,0.0015480222646147013
-0.012455756870622281,-0.012364773079752922
0.017129342384578194,0.01721438206732273
-0.009297919299569912,-0.0092307785525918
-0.0013770650839433074,-0.0015527635114267468
0.0014266742946347222,0.001555178314447403
-0.0017222396127181128,-0.0015648897970095277
-0.00011902894038939849,0.0
-0.007732405043498147,-0.007836977951228619
0.0017314137076027691,0.0015797896776348352
-0.0048364821341237985,-0.004731893539428711
